-2.349358410000000149e+05 5.800843144999999553e+06 2.650939999999999941e+02
-2.349374919999999984e+05 5.800843490000000224e+06 2.651550000000000296e+02
-2.349396739999999991e+05 5.800843934000000358e+06 2.651279999999999859e+02
-2.349413410000000149e+05 5.800844288999999873e+06 2.652370000000000232e+02
-2.349418900000000140e+05 5.800844401000000536e+06 2.652370000000000232e+02
-2.349424660000000149e+05 5.800844525000000373e+06 2.652819999999999823e+02
-2.349430169999999925e+05 5.800844637000000104e+06 2.652830000000000155e+02
-2.349435629999999946e+05 5.800844747999999672e+06 2.652730000000000246e+02
-2.349441220000000030e+05 5.800844865000000224e+06 2.652909999999999968e+02
-2.349446840000000084e+05 5.800844985000000335e+06 2.653290000000000077e+02
-2.349452559999999939e+05 5.800845104000000283e+06 2.653450000000000273e+02
-2.349458099999999977e+05 5.800845217000000179e+06 2.653469999999999800e+02
-2.349474640000000072e+05 5.800845548999999650e+06 2.652869999999999777e+02
-2.349480530000000144e+05 5.800845678000000305e+06 2.653520000000000323e+02
-2.349491840000000084e+05 5.800845915000000037e+06 2.653999999999999773e+02
-2.349497399999999907e+05 5.800846026000000536e+06 2.653779999999999859e+02
-2.349502989999999991e+05 5.800846139999999665e+06 2.653700000000000045e+02
-2.349520240000000049e+05 5.800846503999999724e+06 2.654540000000000077e+02
-2.349525959999999905e+05 5.800846623999999836e+06 2.654820000000000277e+02
-2.349531659999999974e+05 5.800846742999999784e+06 2.655049999999999955e+02
-2.349537390000000014e+05 5.800846862999999896e+06 2.655269999999999868e+02
-2.349543010000000068e+05 5.800846976999999955e+06 2.655140000000000100e+02
-2.349548870000000170e+05 5.800847097000000067e+06 2.655140000000000100e+02
-2.349554649999999965e+05 5.800847219999999739e+06 2.655550000000000068e+02
-2.349560359999999928e+05 5.800847337000000291e+06 2.655540000000000305e+02
-2.349566020000000135e+05 5.800847451999999583e+06 2.655420000000000300e+02
-2.349571820000000007e+05 5.800847575000000186e+06 2.655769999999999982e+02
-2.349577620000000170e+05 5.800847690000000410e+06 2.655430000000000064e+02
-2.349583450000000012e+05 5.800847814000000246e+06 2.655849999999999795e+02
-2.349589150000000081e+05 5.800847929999999702e+06 2.655740000000000123e+02
-2.349594990000000107e+05 5.800848053000000305e+06 2.656039999999999850e+02
-2.349600840000000026e+05 5.800848178999999538e+06 2.656589999999999918e+02
-2.349606700000000128e+05 5.800848296000000089e+06 2.656329999999999814e+02
-2.349612680000000109e+05 5.800848428999999538e+06 2.657239999999999895e+02
-2.349618450000000012e+05 5.800848547000000253e+06 2.657189999999999941e+02
-2.349624150000000081e+05 5.800848661000000313e+06 2.656910000000000309e+02
-2.349630010000000184e+05 5.800848782999999821e+06 2.657099999999999795e+02
-2.349636020000000135e+05 5.800848908999999985e+06 2.657330000000000041e+02
-2.349641849999999977e+05 5.800849030999999493e+06 2.657540000000000191e+02
-2.349647740000000049e+05 5.800849154000000097e+06 2.657740000000000009e+02
-2.349653570000000182e+05 5.800849274000000209e+06 2.657830000000000155e+02
-2.349659379999999946e+05 5.800849394000000320e+06 2.657869999999999777e+02
-2.349665139999999956e+05 5.800849507000000216e+06 2.657420000000000186e+02
-2.349671070000000182e+05 5.800849633000000380e+06 2.657819999999999823e+02
-2.349677080000000133e+05 5.800849756000000052e+06 2.657819999999999823e+02
-2.349682980000000098e+05 5.800849878999999724e+06 2.657980000000000018e+02
-2.349688919999999925e+05 5.800850004999999888e+06 2.658330000000000268e+02
-2.349694640000000072e+05 5.800850114000000060e+06 2.657660000000000196e+02
-2.349700720000000147e+05 5.800850248999999836e+06 2.658550000000000182e+02
-2.349706730000000098e+05 5.800850378999999724e+06 2.659150000000000205e+02
-2.349712570000000123e+05 5.800850486999999732e+06 2.658140000000000214e+02
-2.349718550000000105e+05 5.800850612999999896e+06 2.658439999999999941e+02
-2.349724459999999963e+05 5.800850734000000171e+06 2.658439999999999941e+02
-2.349730359999999928e+05 5.800850855000000447e+06 2.658450000000000273e+02
-2.349736350000000093e+05 5.800850981999999844e+06 2.658760000000000332e+02
-2.349742399999999907e+05 5.800851100999999791e+06 2.658360000000000127e+02
-2.349748289999999979e+05 5.800851220999999903e+06 2.658260000000000218e+02
-2.349754150000000081e+05 5.800851334999999963e+06 2.657789999999999964e+02
-2.349760210000000079e+05 5.800851463999999687e+06 2.658160000000000309e+02
-2.349766140000000014e+05 5.800851584999999963e+06 2.658129999999999882e+02
-2.349772270000000135e+05 5.800851711000000127e+06 2.658120000000000118e+02
-2.349778260000000009e+05 5.800851833999999799e+06 2.658210000000000264e+02
-2.349784260000000068e+05 5.800851957999999635e+06 2.658240000000000123e+02
-2.349790249999999942e+05 5.800852082000000402e+06 2.658400000000000318e+02
-2.349796240000000107e+05 5.800852203999999911e+06 2.658310000000000173e+02
-2.349802430000000168e+05 5.800852332000000402e+06 2.658369999999999891e+02
-2.349808479999999981e+05 5.800852459999999963e+06 2.658729999999999905e+02
-2.349814459999999963e+05 5.800852581000000238e+06 2.658589999999999804e+02
-2.349820570000000007e+05 5.800852709999999963e+06 2.658940000000000055e+02
-2.349826590000000142e+05 5.800852833999999799e+06 2.658999999999999773e+02
-2.349832650000000140e+05 5.800852961000000127e+06 2.659180000000000064e+02
-2.349838740000000107e+05 5.800853087999999523e+06 2.659420000000000073e+02
-2.349844940000000061e+05 5.800853216000000015e+06 2.659449999999999932e+02
-2.349850990000000165e+05 5.800853337999999523e+06 2.659270000000000209e+02
-2.349857080000000133e+05 5.800853466000000015e+06 2.659590000000000032e+02
-2.349863179999999993e+05 5.800853593000000343e+06 2.659730000000000132e+02
-2.349869299999999930e+05 5.800853722000000067e+06 2.660049999999999955e+02
-2.349875580000000191e+05 5.800853853000000119e+06 2.660219999999999914e+02
-2.349881710000000021e+05 5.800853980999999680e+06 2.660480000000000018e+02
-2.349887829999999958e+05 5.800854109000000171e+06 2.660629999999999882e+02
-2.349893999999999942e+05 5.800854240000000224e+06 2.661030000000000086e+02
-2.349900120000000170e+05 5.800854365000000224e+06 2.661059999999999945e+02
-2.349906450000000186e+05 5.800854498999999836e+06 2.661370000000000005e+02
-2.349912600000000093e+05 5.800854626000000164e+06 2.661469999999999914e+02
-2.349918690000000061e+05 5.800854752000000328e+06 2.661519999999999868e+02
-2.349924880000000121e+05 5.800854882000000216e+06 2.661809999999999832e+02
-2.349931100000000151e+05 5.800855015999999829e+06 2.662420000000000186e+02
-2.349937380000000121e+05 5.800855141999999993e+06 2.662200000000000273e+02
-2.349943539999999921e+05 5.800855270999999717e+06 2.662379999999999995e+02
-2.349949720000000088e+05 5.800855401000000536e+06 2.662699999999999818e+02
-2.349955869999999995e+05 5.800855526000000536e+06 2.662579999999999814e+02
-2.349962010000000009e+05 5.800855651000000536e+06 2.662529999999999859e+02
-2.349968349999999919e+05 5.800855781999999657e+06 2.662640000000000100e+02
-2.349974580000000133e+05 5.800855912000000477e+06 2.662839999999999918e+02
-2.349980770000000193e+05 5.800856041000000201e+06 2.662980000000000018e+02
-2.349986970000000147e+05 5.800856168999999762e+06 2.663070000000000164e+02
-2.349993200000000070e+05 5.800856298999999650e+06 2.663280000000000314e+02
-2.349999630000000179e+05 5.800856435000000522e+06 2.663650000000000091e+02
-2.350005620000000054e+05 5.800856555999999866e+06 2.663480000000000132e+02
-2.350012020000000193e+05 5.800856690000000410e+06 2.663740000000000236e+02
-2.350018220000000147e+05 5.800856815999999642e+06 2.663600000000000136e+02
-2.350024470000000147e+05 5.800856946999999695e+06 2.663840000000000146e+02
-2.350030709999999963e+05 5.800857076999999583e+06 2.664080000000000155e+02
-2.350036989999999932e+05 5.800857209999999963e+06 2.664379999999999882e+02
-2.350043340000000026e+05 5.800857336000000127e+06 2.664050000000000296e+02
-2.350049619999999995e+05 5.800857468000000343e+06 2.664359999999999786e+02
-2.350055890000000072e+05 5.800857598000000231e+06 2.664429999999999836e+02
-2.350062130000000179e+05 5.800857724999999627e+06 2.664379999999999882e+02
-2.350068369999999995e+05 5.800857853000000119e+06 2.664410000000000309e+02
-2.350074930000000168e+05 5.800857996000000276e+06 2.665130000000000337e+02
-2.350081160000000091e+05 5.800858121999999508e+06 2.664979999999999905e+02
-2.350087470000000030e+05 5.800858254999999888e+06 2.665310000000000059e+02
-2.350093729999999923e+05 5.800858382000000216e+06 2.665230000000000246e+02
-2.350100040000000154e+05 5.800858514999999665e+06 2.665520000000000209e+02
-2.350106549999999988e+05 5.800858651999999769e+06 2.665840000000000032e+02
-2.350112829999999958e+05 5.800858780999999493e+06 2.665830000000000268e+02
-2.350119150000000081e+05 5.800858912999999709e+06 2.666000000000000227e+02
-2.350125489999999991e+05 5.800859044999999925e+06 2.666240000000000236e+02
-2.350131849999999977e+05 5.800859178000000305e+06 2.666490000000000009e+02
-2.350138280000000086e+05 5.800859308000000194e+06 2.666279999999999859e+02
-2.350144599999999919e+05 5.800859438000000082e+06 2.666290000000000191e+02
-2.350150920000000042e+05 5.800859567999999970e+06 2.666370000000000005e+02
-2.350157300000000105e+05 5.800859703999999911e+06 2.666820000000000164e+02
-2.350163630000000121e+05 5.800859834999999963e+06 2.666899999999999977e+02
-2.350170120000000170e+05 5.800859966000000015e+06 2.666779999999999973e+02
-2.350176469999999972e+05 5.800860098000000231e+06 2.666879999999999882e+02
-2.350182859999999928e+05 5.800860231999999844e+06 2.667160000000000082e+02
-2.350189230000000098e+05 5.800860364000000060e+06 2.667259999999999991e+02
-2.350195650000000023e+05 5.800860503999999724e+06 2.667980000000000018e+02
-2.350201989999999932e+05 5.800860632000000216e+06 2.667850000000000250e+02
-2.350208440000000119e+05 5.800860773000000045e+06 2.668580000000000041e+02
-2.350214940000000061e+05 5.800860904000000097e+06 2.668439999999999941e+02
-2.350221359999999986e+05 5.800861040000000037e+06 2.668810000000000286e+02
-2.350227749999999942e+05 5.800861173000000417e+06 2.668940000000000055e+02
-2.350234120000000112e+05 5.800861303999999538e+06 2.668949999999999818e+02
-2.350240450000000128e+05 5.800861428999999538e+06 2.668539999999999850e+02
-2.350247030000000086e+05 5.800861563000000082e+06 2.668539999999999850e+02
-2.350253420000000042e+05 5.800861697999999858e+06 2.668880000000000337e+02
-2.350259820000000182e+05 5.800861830000000075e+06 2.668910000000000196e+02
-2.350266229999999923e+05 5.800861962999999523e+06 2.669069999999999823e+02
-2.350272719999999972e+05 5.800862105000000447e+06 2.669850000000000136e+02
-2.350279290000000037e+05 5.800862239000000060e+06 2.669750000000000227e+02
-2.350285750000000116e+05 5.800862375000000000e+06 2.670110000000000241e+02
-2.350292160000000149e+05 5.800862506000000052e+06 2.670040000000000191e+02
-2.350298570000000182e+05 5.800862639999999665e+06 2.670230000000000246e+02
-2.350305080000000016e+05 5.800862780000000261e+06 2.670849999999999795e+02
-2.350311670000000158e+05 5.800862915000000037e+06 2.670840000000000032e+02
-2.350318120000000054e+05 5.800863049999999814e+06 2.671039999999999850e+02
-2.350324580000000133e+05 5.800863186999999918e+06 2.671430000000000291e+02
-2.350331009999999951e+05 5.800863316999999806e+06 2.671270000000000095e+02
-2.350337490000000107e+05 5.800863452999999747e+06 2.671550000000000296e+02
-2.350344079999999958e+05 5.800863587000000291e+06 2.671440000000000055e+02
-2.350350549999999930e+05 5.800863719999999739e+06 2.671539999999999964e+02
-2.350356980000000040e+05 5.800863851999999955e+06 2.671519999999999868e+02
-2.350363470000000088e+05 5.800863989000000060e+06 2.671879999999999882e+02
-2.350369960000000137e+05 5.800864126000000164e+06 2.672189999999999941e+02
-2.350376419999999925e+05 5.800864257000000216e+06 2.672060000000000173e+02
-2.350382930000000051e+05 5.800864393000000156e+06 2.672309999999999945e+02
-2.350389539999999979e+05 5.800864527999999933e+06 2.672239999999999895e+02
-2.350396059999999998e+05 5.800864665000000037e+06 2.672560000000000286e+02
-2.350402540000000154e+05 5.800864799999999814e+06 2.672710000000000150e+02
-2.350409049999999988e+05 5.800864935999999754e+06 2.672980000000000018e+02
-2.350415530000000144e+05 5.800865070000000298e+06 2.673070000000000164e+02
-2.350422240000000165e+05 5.800865211000000127e+06 2.673330000000000268e+02
-2.350428770000000077e+05 5.800865347000000067e+06 2.673559999999999945e+02
-2.350435249999999942e+05 5.800865480999999680e+06 2.673670000000000186e+02
-2.350441780000000144e+05 5.800865617999999784e+06 2.673899999999999864e+02
-2.350448270000000193e+05 5.800865750000000000e+06 2.673840000000000146e+02
-2.350454970000000030e+05 5.800865889000000432e+06 2.673940000000000055e+02
-2.350461529999999912e+05 5.800866030000000261e+06 2.674499999999999886e+02
-2.350468049999999930e+05 5.800866162999999709e+06 2.674510000000000218e+02
-2.350474569999999949e+05 5.800866298000000417e+06 2.674590000000000032e+02
-2.350481089999999967e+05 5.800866433000000194e+06 2.674739999999999895e+02
-2.350487859999999928e+05 5.800866581000000238e+06 2.675480000000000018e+02
-2.350494370000000054e+05 5.800866712999999523e+06 2.675330000000000155e+02
-2.350500959999999905e+05 5.800866854000000283e+06 2.675930000000000177e+02
-2.350507500000000000e+05 5.800866985000000335e+06 2.675660000000000309e+02
-2.350514040000000095e+05 5.800867123999999836e+06 2.676020000000000323e+02
-2.350520760000000009e+05 5.800867262000000104e+06 2.676050000000000182e+02
-2.350527320000000182e+05 5.800867396999999881e+06 2.676109999999999900e+02
-2.350533839999999909e+05 5.800867530999999493e+06 2.676120000000000232e+02
-2.350540420000000158e+05 5.800867669999999925e+06 2.676499999999999773e+02
-2.350546989999999932e+05 5.800867805999999866e+06 2.676569999999999823e+02
-2.350553570000000182e+05 5.800867942999999970e+06 2.676779999999999973e+02
-2.350560320000000065e+05 5.800868083999999799e+06 2.677030000000000314e+02
-2.350566689999999944e+05 5.800868214999999851e+06 2.677080000000000268e+02
-2.350573420000000042e+05 5.800868351999999955e+06 2.676979999999999791e+02
-2.350580010000000184e+05 5.800868489000000060e+06 2.677139999999999986e+02
-2.350586620000000112e+05 5.800868628999999724e+06 2.677500000000000000e+02
-2.350593200000000070e+05 5.800868766999999993e+06 2.677800000000000296e+02
-2.350599850000000151e+05 5.800868915000000037e+06 2.678790000000000191e+02
-2.350606549999999988e+05 5.800869043999999762e+06 2.678090000000000259e+02
-2.350613129999999946e+05 5.800869180999999866e+06 2.678290000000000077e+02
-2.350619770000000135e+05 5.800869324000000022e+06 2.678860000000000241e+02
-2.350626370000000170e+05 5.800869462000000291e+06 2.679069999999999823e+02
-2.350632920000000158e+05 5.800869589999999851e+06 2.678539999999999850e+02
-2.350639709999999905e+05 5.800869731999999844e+06 2.678799999999999955e+02
-2.350646300000000047e+05 5.800869870000000112e+06 2.679019999999999868e+02
-2.350652890000000189e+05 5.800870003999999724e+06 2.678940000000000055e+02
-2.350659470000000147e+05 5.800870135999999940e+06 2.678679999999999950e+02
-2.350666080000000075e+05 5.800870271999999881e+06 2.678729999999999905e+02
-2.350672850000000035e+05 5.800870407999999821e+06 2.678530000000000086e+02
-2.350679470000000147e+05 5.800870548000000417e+06 2.678910000000000196e+02
-2.350686080000000075e+05 5.800870685000000522e+06 2.679039999999999964e+02
-2.350692710000000079e+05 5.800870826000000350e+06 2.679429999999999836e+02
-2.350699349999999977e+05 5.800870962999999523e+06 2.679510000000000218e+02
-2.350706100000000151e+05 5.800871097000000067e+06 2.679150000000000205e+02
-2.350712760000000126e+05 5.800871242999999784e+06 2.679929999999999950e+02
-2.350719370000000054e+05 5.800871376000000164e+06 2.679719999999999800e+02
-2.350726030000000028e+05 5.800871520999999717e+06 2.680450000000000159e+02
-2.350732680000000109e+05 5.800871658999999985e+06 2.680620000000000118e+02
-2.350739459999999963e+05 5.800871797000000253e+06 2.680540000000000305e+02
-2.350746100000000151e+05 5.800871935999999754e+06 2.680790000000000077e+02
-2.350752719999999972e+05 5.800872072999999858e+06 2.680860000000000127e+02
-2.350759370000000054e+05 5.800872211000000127e+06 2.681059999999999945e+02
-2.350766030000000028e+05 5.800872350999999791e+06 2.681320000000000050e+02
-2.350772650000000140e+05 5.800872487999999896e+06 2.681469999999999914e+02
-2.350779280000000144e+05 5.800872623999999836e+06 2.681440000000000055e+02
-2.350786119999999937e+05 5.800872769000000320e+06 2.681829999999999927e+02
-2.350792740000000049e+05 5.800872905000000261e+06 2.681879999999999882e+02
-2.350799400000000023e+05 5.800873038999999873e+06 2.681739999999999782e+02
-2.350806039999999921e+05 5.800873178000000305e+06 2.681920000000000073e+02
-2.350812700000000186e+05 5.800873315999999642e+06 2.682099999999999795e+02
-2.350819520000000193e+05 5.800873457000000402e+06 2.682150000000000318e+02
-2.350826180000000168e+05 5.800873599000000395e+06 2.682660000000000196e+02
-2.350832829999999958e+05 5.800873734000000171e+06 2.682490000000000236e+02
-2.350839480000000040e+05 5.800873871999999508e+06 2.682699999999999818e+02
-2.350846160000000091e+05 5.800874014999999665e+06 2.683220000000000027e+02
-2.350852960000000021e+05 5.800874149000000209e+06 2.682690000000000055e+02
-2.350859610000000102e+05 5.800874286000000313e+06 2.682789999999999964e+02
-2.350866260000000184e+05 5.800874421000000089e+06 2.682649999999999864e+02
-2.350872930000000051e+05 5.800874559000000358e+06 2.682830000000000155e+02
-2.350879569999999949e+05 5.800874692999999970e+06 2.682640000000000100e+02
-2.350886410000000033e+05 5.800874830000000075e+06 2.682379999999999995e+02
-2.350893060000000114e+05 5.800874969000000507e+06 2.682579999999999814e+02
-2.350899740000000165e+05 5.800875108000000007e+06 2.682780000000000200e+02
-2.350906430000000109e+05 5.800875254999999888e+06 2.683600000000000136e+02
-2.350913080000000191e+05 5.800875384999999776e+06 2.683009999999999877e+02
-2.350919940000000061e+05 5.800875530000000261e+06 2.683410000000000082e+02
-2.350926579999999958e+05 5.800875663999999873e+06 2.683260000000000218e+02
-2.350933260000000009e+05 5.800875802000000142e+06 2.683299999999999841e+02
-2.350939949999999953e+05 5.800875941999999806e+06 2.683600000000000136e+02
-2.350946620000000112e+05 5.800876077999999747e+06 2.683539999999999850e+02
-2.350953300000000163e+05 5.800876219000000507e+06 2.683849999999999909e+02
-2.350959949999999953e+05 5.800876354000000283e+06 2.683729999999999905e+02
-2.350966840000000084e+05 5.800876498999999836e+06 2.684050000000000296e+02
-2.350973520000000135e+05 5.800876635999999940e+06 2.684130000000000109e+02
-2.350980190000000002e+05 5.800876770999999717e+06 2.683969999999999914e+02
-2.350986860000000161e+05 5.800876907999999821e+06 2.683999999999999773e+02
-2.350993550000000105e+05 5.800877052000000142e+06 2.684599999999999795e+02
-2.351000450000000128e+05 5.800877195000000298e+06 2.684689999999999941e+02
-2.351007119999999995e+05 5.800877334999999963e+06 2.684990000000000236e+02
-2.351013809999999939e+05 5.800877474999999627e+06 2.685240000000000009e+02
-2.351020500000000175e+05 5.800877616000000387e+06 2.685609999999999786e+02
-2.351027170000000042e+05 5.800877754999999888e+06 2.685740000000000123e+02
-2.351034079999999958e+05 5.800877898000000045e+06 2.685869999999999891e+02
-2.351040760000000009e+05 5.800878031999999657e+06 2.685640000000000214e+02
-2.351047440000000061e+05 5.800878174999999814e+06 2.686100000000000136e+02
-2.351054120000000112e+05 5.800878311999999918e+06 2.686129999999999995e+02
-2.351060810000000056e+05 5.800878450000000186e+06 2.686229999999999905e+02
-2.351067710000000079e+05 5.800878584999999963e+06 2.685710000000000264e+02
-2.351074379999999946e+05 5.800878729000000283e+06 2.686320000000000050e+02
-2.351081070000000182e+05 5.800878860999999568e+06 2.685880000000000223e+02
-2.351087749999999942e+05 5.800879003000000492e+06 2.686320000000000050e+02
-2.351094459999999963e+05 5.800879137000000104e+06 2.686009999999999991e+02
-2.351101380000000063e+05 5.800879286000000313e+06 2.686580000000000155e+02
-2.351108049999999930e+05 5.800879423999999650e+06 2.686720000000000255e+02
-2.351114740000000165e+05 5.800879565999999642e+06 2.687119999999999891e+02
-2.351121430000000109e+05 5.800879702999999747e+06 2.687090000000000032e+02
-2.351128140000000130e+05 5.800879839999999851e+06 2.687069999999999936e+02
-2.351135040000000154e+05 5.800879983000000007e+06 2.687169999999999845e+02
-2.351141719999999914e+05 5.800880121000000276e+06 2.687280000000000086e+02
-2.351148410000000149e+05 5.800880256000000052e+06 2.687150000000000318e+02
-2.351155109999999986e+05 5.800880404000000097e+06 2.688090000000000259e+02
-2.351161830000000191e+05 5.800880537999999709e+06 2.687719999999999914e+02
-2.351168539999999921e+05 5.800880678000000305e+06 2.687920000000000300e+02
-2.351175210000000079e+05 5.800880817999999970e+06 2.688190000000000168e+02
-2.351182090000000026e+05 5.800880959999999963e+06 2.688340000000000032e+02
-2.351188790000000154e+05 5.800881100999999791e+06 2.688620000000000232e+02
-2.351195510000000068e+05 5.800881240000000224e+06 2.688720000000000141e+02
-2.351202209999999905e+05 5.800881378999999724e+06 2.688890000000000100e+02
-2.351208900000000140e+05 5.800881519000000320e+06 2.689130000000000109e+02
-2.351215770000000193e+05 5.800881661000000313e+06 2.689180000000000064e+02
-2.351222500000000000e+05 5.800881802000000142e+06 2.689490000000000123e+02
-2.351229200000000128e+05 5.800881941999999806e+06 2.689750000000000227e+02
-2.351235899999999965e+05 5.800882082999999635e+06 2.690010000000000332e+02
-2.351242600000000093e+05 5.800882219999999739e+06 2.689970000000000141e+02
-2.351249480000000040e+05 5.800882365000000224e+06 2.690369999999999777e+02
-2.351256199999999953e+05 5.800882507000000216e+06 2.690710000000000264e+02
-2.351262900000000081e+05 5.800882648000000045e+06 2.691059999999999945e+02
-2.351269610000000102e+05 5.800882781999999657e+06 2.690740000000000123e+02
-2.351276290000000154e+05 5.800882922000000253e+06 2.690969999999999800e+02
-2.351283190000000177e+05 5.800883065999999642e+06 2.691220000000000141e+02
-2.351289910000000091e+05 5.800883202999999747e+06 2.691159999999999854e+02
-2.351296590000000142e+05 5.800883349000000395e+06 2.691970000000000027e+02
-2.351303300000000163e+05 5.800883480999999680e+06 2.691430000000000291e+02
-2.351309990000000107e+05 5.800883622999999672e+06 2.691890000000000214e+02
-2.351316890000000130e+05 5.800883769000000320e+06 2.692289999999999850e+02
-2.351323619999999937e+05 5.800883905000000261e+06 2.692069999999999936e+02
-2.351330299999999988e+05 5.800884047000000253e+06 2.692549999999999955e+02
-2.351337000000000116e+05 5.800884183000000194e+06 2.692409999999999854e+02
-2.351343699999999953e+05 5.800884321999999695e+06 2.692590000000000146e+02
-2.351350420000000158e+05 5.800884461000000127e+06 2.692649999999999864e+02
-2.351357140000000072e+05 5.800884598000000231e+06 2.692590000000000146e+02
-2.351364020000000019e+05 5.800884743999999948e+06 2.693029999999999973e+02
-2.351370709999999963e+05 5.800884876000000164e+06 2.692610000000000241e+02
-2.351377419999999984e+05 5.800885020999999717e+06 2.693260000000000218e+02
-2.351384130000000005e+05 5.800885160000000149e+06 2.693349999999999795e+02
-2.351390830000000133e+05 5.800885298000000417e+06 2.693450000000000273e+02
-2.351397730000000156e+05 5.800885440999999642e+06 2.693550000000000182e+02
-2.351404420000000100e+05 5.800885577999999747e+06 2.693600000000000136e+02
-2.351411119999999937e+05 5.800885719000000507e+06 2.693840000000000146e+02
-2.351417840000000142e+05 5.800885855999999680e+06 2.693840000000000146e+02
-2.351424520000000193e+05 5.800885997999999672e+06 2.694209999999999923e+02
-2.351431419999999925e+05 5.800886137000000104e+06 2.694039999999999964e+02
-2.351438110000000161e+05 5.800886276999999769e+06 2.694309999999999832e+02
-2.351444820000000182e+05 5.800886418999999762e+06 2.694700000000000273e+02
-2.351451490000000049e+05 5.800886559000000358e+06 2.694920000000000186e+02
-2.351458200000000070e+05 5.800886694000000134e+06 2.694770000000000323e+02
-2.351465070000000123e+05 5.800886837999999523e+06 2.695000000000000000e+02
-2.351471790000000037e+05 5.800886976999999955e+06 2.695110000000000241e+02
-2.351478470000000088e+05 5.800887116999999620e+06 2.695350000000000250e+02
-2.351485150000000140e+05 5.800887256000000052e+06 2.695540000000000305e+02
-2.351491840000000084e+05 5.800887391999999993e+06 2.695480000000000018e+02
-2.351498539999999921e+05 5.800887527999999933e+06 2.695369999999999777e+02
-2.351505420000000158e+05 5.800887673999999650e+06 2.695760000000000218e+02
-2.351512119999999995e+05 5.800887815000000410e+06 2.696159999999999854e+02
-2.351518779999999970e+05 5.800887949000000022e+06 2.695880000000000223e+02
-2.351525469999999914e+05 5.800888088999999687e+06 2.696159999999999854e+02
-2.351532160000000149e+05 5.800888225999999791e+06 2.696140000000000327e+02
-2.351539049999999988e+05 5.800888366999999620e+06 2.696129999999999995e+02
-2.351545750000000116e+05 5.800888507000000216e+06 2.696380000000000337e+02
-2.351552410000000091e+05 5.800888646999999881e+06 2.696619999999999777e+02
-2.351559070000000065e+05 5.800888785000000149e+06 2.696750000000000114e+02
-2.351565750000000116e+05 5.800888927000000142e+06 2.697200000000000273e+02
-2.351572430000000168e+05 5.800889065000000410e+06 2.697280000000000086e+02
-2.351579120000000112e+05 5.800889202999999747e+06 2.697370000000000232e+02
-2.351585979999999981e+05 5.800889342000000179e+06 2.697280000000000086e+02
-2.351592620000000170e+05 5.800889485000000335e+06 2.697810000000000059e+02
-2.351599320000000007e+05 5.800889621000000276e+06 2.697730000000000246e+02
-2.351605929999999935e+05 5.800889758999999613e+06 2.697959999999999923e+02
-2.351612660000000033e+05 5.800889898000000045e+06 2.698020000000000209e+02
-2.351619520000000193e+05 5.800890038999999873e+06 2.698090000000000259e+02
-2.351626160000000091e+05 5.800890178000000305e+06 2.698340000000000032e+02
-2.351632820000000065e+05 5.800890317999999970e+06 2.698659999999999854e+02
-2.351639520000000193e+05 5.800890453999999911e+06 2.698559999999999945e+02
-2.351646149999999907e+05 5.800890594000000507e+06 2.698890000000000100e+02
-2.351652989999999991e+05 5.800890735999999568e+06 2.698990000000000009e+02
-2.351659660000000149e+05 5.800890870000000112e+06 2.698840000000000146e+02
-2.351666279999999970e+05 5.800891012000000104e+06 2.699379999999999882e+02
-2.351672969999999914e+05 5.800891151999999769e+06 2.699619999999999891e+02
-2.351679610000000102e+05 5.800891287000000477e+06 2.699540000000000077e+02
-2.351686450000000186e+05 5.800891428999999538e+06 2.699680000000000177e+02
-2.351693070000000007e+05 5.800891570000000298e+06 2.700110000000000241e+02
-2.351699759999999951e+05 5.800891702999999747e+06 2.699750000000000227e+02
-2.351706410000000033e+05 5.800891839999999851e+06 2.699830000000000041e+02
-2.351713049999999930e+05 5.800891976999999955e+06 2.699859999999999900e+02
-2.351719850000000151e+05 5.800892125000000000e+06 2.700640000000000214e+02
-2.351726490000000049e+05 5.800892262000000104e+06 2.700740000000000123e+02
-2.351733129999999946e+05 5.800892400000000373e+06 2.700900000000000318e+02
-2.351739740000000165e+05 5.800892542999999598e+06 2.701510000000000105e+02
-2.351746339999999909e+05 5.800892679999999702e+06 2.701680000000000064e+02
-2.351752980000000098e+05 5.800892819000000134e+06 2.701929999999999836e+02
-2.351759660000000149e+05 5.800892951000000350e+06 2.701499999999999773e+02
-2.351766450000000186e+05 5.800893097000000067e+06 2.702080000000000268e+02
-2.351773070000000007e+05 5.800893234000000171e+06 2.702219999999999800e+02
-2.351779759999999951e+05 5.800893362999999896e+06 2.701499999999999773e+02
-2.351786309999999939e+05 5.800893507000000216e+06 2.702390000000000327e+02
-2.351792930000000051e+05 5.800893645999999717e+06 2.702610000000000241e+02
-2.351799709999999905e+05 5.800893792000000365e+06 2.703280000000000314e+02
-2.351806339999999909e+05 5.800893928999999538e+06 2.703330000000000268e+02
-2.351812939999999944e+05 5.800894064000000246e+06 2.703319999999999936e+02
-2.351819569999999949e+05 5.800894202999999747e+06 2.703559999999999945e+02
-2.351826130000000121e+05 5.800894341000000015e+06 2.703930000000000291e+02
-2.351832989999999991e+05 5.800894478000000119e+06 2.703650000000000091e+02
-2.351839580000000133e+05 5.800894616999999620e+06 2.703969999999999914e+02
-2.351846149999999907e+05 5.800894757000000216e+06 2.704359999999999786e+02
-2.351852740000000049e+05 5.800894894000000320e+06 2.704569999999999936e+02
-2.351859370000000054e+05 5.800895026999999769e+06 2.704290000000000305e+02
-2.351866169999999984e+05 5.800895167999999598e+06 2.704470000000000027e+02
-2.351872740000000049e+05 5.800895304999999702e+06 2.704700000000000273e+02
-2.351879349999999977e+05 5.800895444000000134e+06 2.705000000000000000e+02
-2.351885940000000119e+05 5.800895580000000075e+06 2.705049999999999955e+02
-2.351892500000000000e+05 5.800895717000000179e+06 2.705230000000000246e+02
-2.351899269999999960e+05 5.800895860999999568e+06 2.705749999999999886e+02
-2.351905869999999995e+05 5.800895996999999508e+06 2.705760000000000218e+02
-2.351912440000000061e+05 5.800896133999999613e+06 2.706030000000000086e+02
-2.351919049999999988e+05 5.800896268000000156e+06 2.705860000000000127e+02
-2.351925620000000054e+05 5.800896401999999769e+06 2.705830000000000268e+02
-2.351932399999999907e+05 5.800896542000000365e+06 2.705880000000000223e+02
-2.351938969999999972e+05 5.800896679999999702e+06 2.706170000000000186e+02
-2.351945560000000114e+05 5.800896816999999806e+06 2.706399999999999864e+02
-2.351952060000000056e+05 5.800896956000000238e+06 2.706879999999999882e+02
-2.351958589999999967e+05 5.800897093000000343e+06 2.707189999999999941e+02
-2.351965150000000140e+05 5.800897230999999680e+06 2.707440000000000282e+02
-2.351971730000000098e+05 5.800897366999999620e+06 2.707570000000000050e+02
-2.351978470000000088e+05 5.800897508999999613e+06 2.707909999999999968e+02
-2.351984979999999923e+05 5.800897645999999717e+06 2.708170000000000073e+02
-2.351991570000000065e+05 5.800897779000000097e+06 2.708009999999999877e+02
-2.351998070000000007e+05 5.800897917999999598e+06 2.708539999999999850e+02
-2.352004649999999965e+05 5.800898053000000305e+06 2.708509999999999991e+02
-2.352011410000000033e+05 5.800898192999999970e+06 2.708629999999999995e+02
-2.352017900000000081e+05 5.800898327999999747e+06 2.708799999999999955e+02
-2.352024429999999993e+05 5.800898464999999851e+06 2.709100000000000250e+02
-2.352030979999999981e+05 5.800898599999999627e+06 2.709159999999999968e+02
-2.352037520000000077e+05 5.800898735000000335e+06 2.709220000000000255e+02
-2.352044250000000175e+05 5.800898873999999836e+06 2.709379999999999882e+02
-2.352050739999999932e+05 5.800899009999999776e+06 2.709630000000000223e+02
-2.352057309999999998e+05 5.800899144000000320e+06 2.709530000000000314e+02
-2.352063839999999909e+05 5.800899279000000097e+06 2.709680000000000177e+02
-2.352070329999999958e+05 5.800899412999999709e+06 2.709770000000000323e+02
-2.352077030000000086e+05 5.800899552000000142e+06 2.709890000000000327e+02
-2.352083530000000028e+05 5.800899689000000246e+06 2.710240000000000009e+02
-2.352090029999999970e+05 5.800899826999999583e+06 2.710600000000000023e+02
-2.352096549999999988e+05 5.800899958999999799e+06 2.710520000000000209e+02
-2.352103040000000037e+05 5.800900093000000343e+06 2.710579999999999927e+02
-2.352109679999999935e+05 5.800900233000000007e+06 2.710969999999999800e+02
-2.352116190000000061e+05 5.800900367999999784e+06 2.711100000000000136e+02
-2.352122779999999912e+05 5.800900498999999836e+06 2.710749999999999886e+02
-2.352129219999999914e+05 5.800900633999999613e+06 2.711009999999999991e+02
-2.352135730000000040e+05 5.800900768000000156e+06 2.711039999999999850e+02
-2.352142369999999937e+05 5.800900906999999657e+06 2.711270000000000095e+02
-2.352148809999999939e+05 5.800901042999999598e+06 2.711610000000000014e+02
-2.352155310000000172e+05 5.800901177000000142e+06 2.711720000000000255e+02
-2.352161810000000114e+05 5.800901310999999754e+06 2.711759999999999877e+02
-2.352168250000000116e+05 5.800901446999999695e+06 2.712119999999999891e+02
-2.352174670000000042e+05 5.800901582000000402e+06 2.712420000000000186e+02
-2.352181140000000014e+05 5.800901713999999687e+06 2.712359999999999900e+02
-2.352187760000000126e+05 5.800901853000000119e+06 2.712630000000000337e+02
-2.352194239999999991e+05 5.800901986999999732e+06 2.712769999999999868e+02
-2.352200720000000147e+05 5.800902120000000112e+06 2.712789999999999964e+02
-2.352207090000000026e+05 5.800902257000000216e+06 2.713299999999999841e+02
-2.352213630000000121e+05 5.800902383999999613e+06 2.712769999999999868e+02
-2.352220219999999972e+05 5.800902524000000209e+06 2.713129999999999882e+02
-2.352226620000000112e+05 5.800902657999999821e+06 2.713419999999999845e+02
-2.352233099999999977e+05 5.800902787999999709e+06 2.713149999999999977e+02
-2.352239619999999995e+05 5.800902917999999598e+06 2.712889999999999873e+02
-2.352246039999999921e+05 5.800903053000000305e+06 2.713129999999999882e+02
-2.352252580000000016e+05 5.800903190000000410e+06 2.713389999999999986e+02
-2.352259079999999958e+05 5.800903319000000134e+06 2.713020000000000209e+02
-2.352265460000000021e+05 5.800903453999999911e+06 2.713400000000000318e+02
-2.352271909999999916e+05 5.800903582999999635e+06 2.713160000000000309e+02
-2.352278340000000026e+05 5.800903714999999851e+06 2.713179999999999836e+02
-2.352284960000000137e+05 5.800903850999999791e+06 2.713170000000000073e+02
-2.352291359999999986e+05 5.800903984000000171e+06 2.713380000000000223e+02
-2.352297760000000126e+05 5.800904114000000060e+06 2.713290000000000077e+02
-2.352304170000000158e+05 5.800904246000000276e+06 2.713319999999999936e+02
-2.352310530000000144e+05 5.800904379999999888e+06 2.713670000000000186e+02
-2.352317080000000133e+05 5.800904514999999665e+06 2.713740000000000236e+02
-2.352323530000000028e+05 5.800904644000000320e+06 2.713430000000000177e+02
-2.352329919999999984e+05 5.800904776000000536e+06 2.713550000000000182e+02
-2.352336339999999909e+05 5.800904906999999657e+06 2.713489999999999895e+02
-2.352342660000000033e+05 5.800905038999999873e+06 2.713679999999999950e+02
-2.352349010000000126e+05 5.800905172000000253e+06 2.713930000000000291e+02
-2.352355380000000005e+05 5.800905303000000305e+06 2.713949999999999818e+02
-2.352361890000000130e+05 5.800905436999999918e+06 2.714050000000000296e+02
-2.352368230000000040e+05 5.800905569000000134e+06 2.714259999999999877e+02
-2.352374630000000179e+05 5.800905700000000186e+06 2.714239999999999782e+02
-2.352380959999999905e+05 5.800905832000000402e+06 2.714460000000000264e+02
-2.352387289999999921e+05 5.800905961000000127e+06 2.714370000000000118e+02
-2.352393669999999984e+05 5.800906091000000015e+06 2.714290000000000305e+02
-2.352400169999999925e+05 5.800906225999999791e+06 2.714490000000000123e+02
-2.352406540000000095e+05 5.800906354000000283e+06 2.714230000000000018e+02
-2.352412810000000172e+05 5.800906485999999568e+06 2.714540000000000077e+02
-2.352419180000000051e+05 5.800906615000000224e+06 2.714420000000000073e+02
-2.352425510000000068e+05 5.800906746000000276e+06 2.714549999999999841e+02
-2.352432000000000116e+05 5.800906879999999888e+06 2.714590000000000032e+02
-2.352438319999999949e+05 5.800907008999999613e+06 2.714610000000000127e+02
-2.352444619999999995e+05 5.800907139000000432e+06 2.714689999999999941e+02
-2.352450950000000012e+05 5.800907266999999993e+06 2.714530000000000314e+02
-2.352457190000000119e+05 5.800907400000000373e+06 2.714929999999999950e+02
-2.352463669999999984e+05 5.800907531999999657e+06 2.714870000000000232e+02
-2.352469940000000061e+05 5.800907662000000477e+06 2.715029999999999859e+02
-2.352476250000000000e+05 5.800907792000000365e+06 2.715079999999999814e+02
-2.352482540000000154e+05 5.800907922000000253e+06 2.715190000000000055e+02
-2.352488800000000047e+05 5.800908049999999814e+06 2.715180000000000291e+02
-2.352495169999999925e+05 5.800908185999999754e+06 2.715629999999999882e+02
-2.352501380000000063e+05 5.800908316999999806e+06 2.716000000000000227e+02
-2.352507669999999925e+05 5.800908444000000134e+06 2.715819999999999936e+02
-2.352513809999999939e+05 5.800908576999999583e+06 2.716440000000000055e+02
-2.352520010000000184e+05 5.800908707000000402e+06 2.716700000000000159e+02
-2.352526490000000049e+05 5.800908837999999523e+06 2.716510000000000105e+02
-2.352532799999999988e+05 5.800908964999999851e+06 2.716349999999999909e+02
-2.352538940000000002e+05 5.800909098000000231e+06 2.716929999999999836e+02
-2.352545100000000093e+05 5.800909225999999791e+06 2.717139999999999986e+02
-2.352551309999999939e+05 5.800909355999999680e+06 2.717370000000000232e+02
-2.352557510000000184e+05 5.800909484000000171e+06 2.717470000000000141e+02
-2.352563710000000137e+05 5.800909612999999896e+06 2.717570000000000050e+02
-2.352570000000000000e+05 5.800909746999999508e+06 2.718079999999999927e+02
-2.352576130000000121e+05 5.800909877000000328e+06 2.718439999999999941e+02
-2.352582380000000121e+05 5.800910003000000492e+06 2.718249999999999886e+02
-2.352588559999999998e+05 5.800910131000000052e+06 2.718369999999999891e+02
-2.352594780000000028e+05 5.800910258000000380e+06 2.718319999999999936e+02
-2.352601119999999937e+05 5.800910389999999665e+06 2.718480000000000132e+02
-2.352607300000000105e+05 5.800910516999999993e+06 2.718559999999999945e+02
-2.352613399999999965e+05 5.800910644999999553e+06 2.718810000000000286e+02
-2.352619610000000102e+05 5.800910770999999717e+06 2.718709999999999809e+02
-2.352625760000000009e+05 5.800910898000000045e+06 2.718799999999999955e+02
-2.352632080000000133e+05 5.800911026999999769e+06 2.718799999999999955e+02
-2.352638230000000040e+05 5.800911155000000261e+06 2.718890000000000100e+02
-2.352644390000000130e+05 5.800911279000000097e+06 2.718750000000000000e+02
-2.352650519999999960e+05 5.800911405000000261e+06 2.718790000000000191e+02
-2.352656689999999944e+05 5.800911530999999493e+06 2.718709999999999809e+02
-2.352662900000000081e+05 5.800911663999999873e+06 2.719220000000000255e+02
-2.352669060000000172e+05 5.800911788999999873e+06 2.719150000000000205e+02
-2.352675169999999925e+05 5.800911915000000037e+06 2.719209999999999923e+02
-2.352681250000000000e+05 5.800912041000000201e+06 2.719329999999999927e+02
-2.352687300000000105e+05 5.800912168999999762e+06 2.719710000000000036e+02
-2.352693660000000091e+05 5.800912293999999762e+06 2.719189999999999827e+02
-2.352699780000000028e+05 5.800912417999999598e+06 2.719139999999999873e+02
-2.352705840000000026e+05 5.800912543999999762e+06 2.719279999999999973e+02
-2.352711959999999963e+05 5.800912667000000365e+06 2.719050000000000296e+02
-2.352717950000000128e+05 5.800912794999999925e+06 2.719569999999999936e+02
-2.352724079999999958e+05 5.800912916000000201e+06 2.719159999999999968e+02
-2.352730160000000033e+05 5.800913041000000201e+06 2.719130000000000109e+02
-2.352736350000000093e+05 5.800913169999999925e+06 2.719379999999999882e+02
-2.352742380000000121e+05 5.800913296000000089e+06 2.719540000000000077e+02
-2.352748470000000088e+05 5.800913418999999762e+06 2.719399999999999977e+02
-2.352754500000000116e+05 5.800913542999999598e+06 2.719449999999999932e+02
-2.352760480000000098e+05 5.800913669999999925e+06 2.719870000000000232e+02
-2.352766730000000098e+05 5.800913794999999925e+06 2.719639999999999986e+02
-2.352772749999999942e+05 5.800913917999999598e+06 2.719580000000000268e+02
-2.352778680000000168e+05 5.800914044999999925e+06 2.720060000000000286e+02
-2.352784720000000088e+05 5.800914167000000365e+06 2.719879999999999995e+02
-2.352790770000000193e+05 5.800914288999999873e+06 2.719770000000000323e+02
-2.352796870000000054e+05 5.800914417000000365e+06 2.720049999999999955e+02
-2.352802960000000021e+05 5.800914537000000477e+06 2.719639999999999986e+02
-2.352808900000000140e+05 5.800914662000000477e+06 2.719830000000000041e+02
-2.352814979999999923e+05 5.800914780999999493e+06 2.719429999999999836e+02
-2.352820979999999981e+05 5.800914904000000097e+06 2.719390000000000214e+02
-2.352827110000000102e+05 5.800915029000000097e+06 2.719329999999999927e+02
-2.352833110000000161e+05 5.800915150000000373e+06 2.719170000000000300e+02
-2.352838969999999972e+05 5.800915274000000209e+06 2.719569999999999936e+02
-2.352844869999999937e+05 5.800915398000000045e+06 2.719789999999999850e+02
-2.352850860000000102e+05 5.800915518000000156e+06 2.719580000000000268e+02
-2.352856989999999932e+05 5.800915641999999993e+06 2.719479999999999791e+02
-2.352862920000000158e+05 5.800915764000000432e+06 2.719519999999999982e+02
-2.352868830000000016e+05 5.800915885999999940e+06 2.719569999999999936e+02
-2.352874789999999921e+05 5.800916007000000216e+06 2.719440000000000168e+02
-2.352880760000000009e+05 5.800916126000000164e+06 2.719189999999999827e+02
-2.352886879999999946e+05 5.800916250000000000e+06 2.719050000000000296e+02
-2.352892719999999972e+05 5.800916371000000276e+06 2.719230000000000018e+02
-2.352898690000000061e+05 5.800916491000000387e+06 2.718990000000000009e+02
-2.352904560000000056e+05 5.800916610999999568e+06 2.718999999999999773e+02
-2.352910500000000175e+05 5.800916730000000447e+06 2.718760000000000332e+02
-2.352916389999999956e+05 5.800916849000000395e+06 2.718650000000000091e+02
-2.352922360000000044e+05 5.800916967000000179e+06 2.718249999999999886e+02
-2.352928360000000102e+05 5.800917091000000015e+06 2.718360000000000127e+02
-2.352934200000000128e+05 5.800917211000000127e+06 2.718380000000000223e+02
-2.352940089999999909e+05 5.800917330000000075e+06 2.718220000000000027e+02
-2.352945830000000133e+05 5.800917451000000350e+06 2.718550000000000182e+02
-2.352951700000000128e+05 5.800917570000000298e+06 2.718469999999999800e+02
-2.352957710000000079e+05 5.800917691999999806e+06 2.718349999999999795e+02
-2.352963429999999935e+05 5.800917814000000246e+06 2.718750000000000000e+02
-2.352969250000000175e+05 5.800917930999999866e+06 2.718600000000000136e+02
-2.352975109999999986e+05 5.800918049999999814e+06 2.718469999999999800e+02
-2.352980860000000102e+05 5.800918168999999762e+06 2.718570000000000277e+02
-2.352986780000000144e+05 5.800918291000000201e+06 2.718650000000000091e+02
-2.352992580000000016e+05 5.800918408999999985e+06 2.718580000000000041e+02
-2.352998300000000163e+05 5.800918527999999933e+06 2.718750000000000000e+02
-2.353004029999999912e+05 5.800918646999999881e+06 2.718860000000000241e+02
-2.353009809999999998e+05 5.800918764999999665e+06 2.718860000000000241e+02
-2.353015640000000130e+05 5.800918887000000104e+06 2.719069999999999823e+02
-2.353021380000000063e+05 5.800919004999999888e+06 2.719069999999999823e+02
-2.353027090000000026e+05 5.800919122999999672e+06 2.719200000000000159e+02
-2.353032840000000142e+05 5.800919239000000060e+06 2.719080000000000155e+02
-2.353038539999999921e+05 5.800919355999999680e+06 2.719089999999999918e+02
-2.353044370000000054e+05 5.800919478000000119e+06 2.719320000000000164e+02
-2.353049960000000137e+05 5.800919595999999903e+06 2.719630000000000223e+02
-2.353055709999999963e+05 5.800919711000000127e+06 2.719399999999999977e+02
-2.353061419999999925e+05 5.800919827999999747e+06 2.719359999999999786e+02
-2.353066980000000040e+05 5.800919946999999695e+06 2.719800000000000182e+02
-2.353072700000000186e+05 5.800920060999999754e+06 2.719580000000000268e+02
-2.353078300000000163e+05 5.800920178000000305e+06 2.719789999999999850e+02
-2.353084189999999944e+05 5.800920294999999925e+06 2.719490000000000123e+02
-2.353089709999999905e+05 5.800920413999999873e+06 2.719940000000000282e+02
-2.353095409999999974e+05 5.800920527999999933e+06 2.719730000000000132e+02
-2.353101000000000058e+05 5.800920644000000320e+06 2.719820000000000277e+02
-2.353106560000000172e+05 5.800920760999999940e+06 2.720099999999999909e+02
-2.353112309999999998e+05 5.800920878999999724e+06 2.720169999999999959e+02
-2.353117850000000035e+05 5.800920995000000112e+06 2.720389999999999873e+02
-2.353123459999999905e+05 5.800921110999999568e+06 2.720439999999999827e+02
-2.353129010000000126e+05 5.800921224999999627e+06 2.720540000000000305e+02
-2.353134590000000026e+05 5.800921341000000015e+06 2.720649999999999977e+02
-2.353140290000000095e+05 5.800921457999999635e+06 2.720670000000000073e+02
-2.353145800000000163e+05 5.800921572999999858e+06 2.720900000000000318e+02
-2.353151370000000170e+05 5.800921686999999918e+06 2.720889999999999986e+02
-2.353156870000000054e+05 5.800921800999999978e+06 2.721000000000000227e+02
-2.353162410000000091e+05 5.800921915000000037e+06 2.721059999999999945e+02
-2.353168129999999946e+05 5.800922030999999493e+06 2.720910000000000082e+02
-2.353173589999999967e+05 5.800922145999999717e+06 2.721220000000000141e+02
-2.353179100000000035e+05 5.800922258999999613e+06 2.721220000000000141e+02
-2.353184539999999979e+05 5.800922372999999672e+06 2.721460000000000150e+02
-2.353190050000000047e+05 5.800922485999999568e+06 2.721460000000000150e+02
-2.353195610000000161e+05 5.800922601999999955e+06 2.721680000000000064e+02
-2.353201089999999967e+05 5.800922714999999851e+06 2.721689999999999827e+02
-2.353206560000000172e+05 5.800922826000000350e+06 2.721630000000000109e+02
-2.353212060000000056e+05 5.800922936999999918e+06 2.721530000000000200e+02
-2.353217410000000091e+05 5.800923050999999978e+06 2.721899999999999977e+02
-2.353222870000000112e+05 5.800923162999999709e+06 2.721850000000000023e+02
-2.353228260000000009e+05 5.800923276000000536e+06 2.722110000000000127e+02
-2.353233640000000014e+05 5.800923387000000104e+06 2.722239999999999895e+02
-2.353239210000000021e+05 5.800923502000000328e+06 2.722300000000000182e+02
-2.353244670000000042e+05 5.800923611999999732e+06 2.722139999999999986e+02
-2.353250089999999909e+05 5.800923722000000067e+06 2.722040000000000077e+02
-2.353255400000000081e+05 5.800923833999999799e+06 2.722359999999999900e+02
-2.353260760000000009e+05 5.800923945000000298e+06 2.722450000000000045e+02
-2.353266270000000077e+05 5.800924059000000358e+06 2.722510000000000332e+02
-2.353271650000000081e+05 5.800924167999999598e+06 2.722409999999999854e+02
-2.353276959999999963e+05 5.800924277999999933e+06 2.722560000000000286e+02
-2.353282220000000088e+05 5.800924389000000432e+06 2.722819999999999823e+02
-2.353287620000000170e+05 5.800924497999999672e+06 2.722740000000000009e+02
-2.353292909999999974e+05 5.800924614000000060e+06 2.723340000000000032e+02
-2.353298369999999995e+05 5.800924719999999739e+06 2.722900000000000205e+02
-2.353303710000000137e+05 5.800924828999999911e+06 2.722810000000000059e+02
-2.353309029999999912e+05 5.800924935999999754e+06 2.722719999999999914e+02
-2.353314200000000128e+05 5.800925048000000417e+06 2.723179999999999836e+02
-2.353319560000000056e+05 5.800925160000000149e+06 2.723439999999999941e+02
-2.353324839999999967e+05 5.800925266999999993e+06 2.723280000000000314e+02
-2.353330200000000186e+05 5.800925372999999672e+06 2.722959999999999923e+02
-2.353335430000000051e+05 5.800925481999999844e+06 2.723129999999999882e+02
-2.353340590000000084e+05 5.800925589999999851e+06 2.723340000000000032e+02
-2.353345990000000165e+05 5.800925701000000350e+06 2.723360000000000127e+02
-2.353351089999999967e+05 5.800925810000000522e+06 2.723760000000000332e+02
-2.353356350000000093e+05 5.800925915000000037e+06 2.723620000000000232e+02
-2.353361630000000005e+05 5.800926020999999717e+06 2.723430000000000177e+02
-2.353366760000000068e+05 5.800926128000000492e+06 2.723589999999999804e+02
-2.353372020000000193e+05 5.800926237999999896e+06 2.723790000000000191e+02
-2.353377099999999919e+05 5.800926339999999851e+06 2.723609999999999900e+02
-2.353382460000000137e+05 5.800926449000000022e+06 2.723520000000000323e+02
-2.353387570000000123e+05 5.800926554999999702e+06 2.723620000000000232e+02
-2.353392609999999986e+05 5.800926662000000477e+06 2.723969999999999914e+02
-2.353397730000000156e+05 5.800926768000000156e+06 2.724139999999999873e+02
-2.353402859999999928e+05 5.800926872999999672e+06 2.724069999999999823e+02
-2.353408070000000007e+05 5.800926980999999680e+06 2.724209999999999923e+02
-2.353413170000000100e+05 5.800927084999999963e+06 2.724130000000000109e+02
-2.353418260000000009e+05 5.800927190000000410e+06 2.724250000000000114e+02
-2.353423429999999935e+05 5.800927292000000365e+06 2.723930000000000291e+02
-2.353428410000000149e+05 5.800927396999999881e+06 2.724220000000000255e+02
-2.353433589999999967e+05 5.800927506000000052e+06 2.724440000000000168e+02
-2.353438660000000091e+05 5.800927608000000007e+06 2.724300000000000068e+02
-2.353443520000000135e+05 5.800927713999999687e+06 2.724820000000000277e+02
-2.353448649999999907e+05 5.800927815000000410e+06 2.724510000000000218e+02
-2.353453660000000091e+05 5.800927918999999762e+06 2.724630000000000223e+02
-2.353458800000000047e+05 5.800928024000000209e+06 2.724660000000000082e+02
-2.353463669999999984e+05 5.800928128000000492e+06 2.725000000000000000e+02
-2.353468699999999953e+05 5.800928230000000447e+06 2.724940000000000282e+02
-2.353473630000000121e+05 5.800928332000000402e+06 2.725040000000000191e+02
-2.353478500000000058e+05 5.800928435000000522e+06 2.725330000000000155e+02
-2.353483570000000182e+05 5.800928540000000037e+06 2.725420000000000300e+02
-2.353488509999999951e+05 5.800928641999999993e+06 2.725470000000000255e+02
-2.353493440000000119e+05 5.800928742999999784e+06 2.725520000000000209e+02
-2.353498369999999995e+05 5.800928843000000343e+06 2.725450000000000159e+02
-2.353503230000000040e+05 5.800928944000000134e+06 2.725550000000000068e+02
-2.353508289999999979e+05 5.800929047000000253e+06 2.725459999999999923e+02
-2.353513129999999946e+05 5.800929149000000209e+06 2.725749999999999886e+02
-2.353517989999999991e+05 5.800929248999999836e+06 2.725799999999999841e+02
-2.353522840000000142e+05 5.800929349000000395e+06 2.725849999999999795e+02
-2.353527719999999972e+05 5.800929446999999695e+06 2.725710000000000264e+02
-2.353532440000000061e+05 5.800929548000000417e+06 2.726050000000000182e+02
-2.353537309999999998e+05 5.800929646999999881e+06 2.726050000000000182e+02
-2.353542300000000105e+05 5.800929747999999672e+06 2.725960000000000036e+02
-2.353547060000000056e+05 5.800929848000000231e+06 2.726120000000000232e+02
-2.353551830000000191e+05 5.800929946000000462e+06 2.726159999999999854e+02
-2.353556590000000142e+05 5.800930043999999762e+06 2.726209999999999809e+02
-2.353561520000000019e+05 5.800930139999999665e+06 2.725840000000000032e+02
-2.353566330000000016e+05 5.800930241999999620e+06 2.726170000000000186e+02
-2.353571080000000075e+05 5.800930338999999687e+06 2.726150000000000091e+02
-2.353575750000000116e+05 5.800930436999999918e+06 2.726299999999999955e+02
-2.353580480000000098e+05 5.800930532999999821e+06 2.726290000000000191e+02
-2.353585210000000079e+05 5.800930631000000052e+06 2.726329999999999814e+02
-2.353590089999999909e+05 5.800930730000000447e+06 2.726299999999999955e+02
-2.353594780000000028e+05 5.800930826000000350e+06 2.726279999999999859e+02
-2.353599390000000130e+05 5.800930922000000253e+06 2.726430000000000291e+02
-2.353604070000000065e+05 5.800931016999999993e+06 2.726410000000000196e+02
-2.353608740000000107e+05 5.800931112999999896e+06 2.726449999999999818e+02
-2.353613509999999951e+05 5.800931212000000291e+06 2.726530000000000200e+02
-2.353618110000000161e+05 5.800931307000000030e+06 2.726619999999999777e+02
-2.353622799999999988e+05 5.800931401000000536e+06 2.726419999999999959e+02
-2.353627390000000014e+05 5.800931496000000276e+06 2.726519999999999868e+02
-2.353631959999999963e+05 5.800931589999999851e+06 2.726610000000000014e+02
-2.353636640000000189e+05 5.800931686999999918e+06 2.726739999999999782e+02
-2.353641100000000151e+05 5.800931781999999657e+06 2.726999999999999886e+02
-2.353645679999999993e+05 5.800931877000000328e+06 2.727099999999999795e+02
-2.353650230000000156e+05 5.800931969999999739e+06 2.727130000000000223e+02
-2.353654740000000165e+05 5.800932063000000082e+06 2.727210000000000036e+02
-2.353659239999999991e+05 5.800932155999999493e+06 2.727230000000000132e+02
-2.353663839999999909e+05 5.800932247999999672e+06 2.727090000000000032e+02
-2.353668349999999919e+05 5.800932344000000507e+06 2.727450000000000045e+02
-2.353672900000000081e+05 5.800932435999999754e+06 2.727300000000000182e+02
-2.353677510000000184e+05 5.800932525000000373e+06 2.726899999999999977e+02
-2.353681900000000023e+05 5.800932618999999948e+06 2.727230000000000132e+02
-2.353686290000000154e+05 5.800932712000000291e+06 2.727490000000000236e+02
-2.353690899999999965e+05 5.800932804999999702e+06 2.727359999999999900e+02
-2.353695279999999912e+05 5.800932895999999717e+06 2.727500000000000000e+02
-2.353699619999999995e+05 5.800932987999999896e+06 2.727810000000000059e+02
-2.353704060000000172e+05 5.800933077999999747e+06 2.727710000000000150e+02
-2.353708390000000072e+05 5.800933167999999598e+06 2.727830000000000155e+02
-2.353712859999999928e+05 5.800933260999999940e+06 2.728000000000000114e+02
-2.353717209999999905e+05 5.800933350999999791e+06 2.728070000000000164e+02
-2.353721499999999942e+05 5.800933441999999806e+06 2.728319999999999936e+02
-2.353725789999999979e+05 5.800933530999999493e+06 2.728439999999999941e+02
-2.353730240000000049e+05 5.800933618999999948e+06 2.728220000000000027e+02
-2.353734679999999935e+05 5.800933709999999963e+06 2.728260000000000218e+02
-2.353738980000000156e+05 5.800933798000000417e+06 2.728260000000000218e+02
-2.353743300000000163e+05 5.800933887000000104e+06 2.728269999999999982e+02
-2.353747559999999939e+05 5.800933974999999627e+06 2.728389999999999986e+02
-2.353751879999999946e+05 5.800934061999999918e+06 2.728199999999999932e+02
-2.353756210000000137e+05 5.800934151999999769e+06 2.728419999999999845e+02
-2.353760420000000158e+05 5.800934240000000224e+06 2.728530000000000086e+02
-2.353764820000000182e+05 5.800934325000000186e+06 2.728120000000000118e+02
-2.353768919999999925e+05 5.800934412000000477e+06 2.728389999999999986e+02
-2.353773230000000040e+05 5.800934497999999672e+06 2.728210000000000264e+02
-2.353777410000000091e+05 5.800934587999999523e+06 2.728589999999999804e+02
-2.353781529999999912e+05 5.800934673000000417e+06 2.728679999999999950e+02
-2.353785720000000147e+05 5.800934759999999776e+06 2.728729999999999905e+02
-2.353789910000000091e+05 5.800934844000000507e+06 2.728659999999999854e+02
-2.353794029999999912e+05 5.800934928999999538e+06 2.728690000000000282e+02
-2.353798250000000116e+05 5.800935013000000268e+06 2.728489999999999895e+02
-2.353802330000000075e+05 5.800935098000000231e+06 2.728650000000000091e+02
-2.353806499999999942e+05 5.800935184000000358e+06 2.728700000000000045e+02
-2.353810610000000161e+05 5.800935269000000320e+06 2.728740000000000236e+02
-2.353814520000000193e+05 5.800935355000000447e+06 2.729309999999999832e+02
-2.353818589999999967e+05 5.800935436999999918e+06 2.729200000000000159e+02
-2.353822639999999956e+05 5.800935520999999717e+06 2.729290000000000305e+02
-2.353826780000000144e+05 5.800935605999999680e+06 2.729350000000000023e+02
-2.353830810000000056e+05 5.800935688000000082e+06 2.729300000000000068e+02
-2.353834729999999981e+05 5.800935771999999881e+06 2.729619999999999891e+02
-2.353838680000000168e+05 5.800935855000000447e+06 2.729809999999999945e+02
-2.353842680000000109e+05 5.800935935000000522e+06 2.729700000000000273e+02
-2.353846760000000068e+05 5.800936019999999553e+06 2.729809999999999945e+02
-2.353850800000000163e+05 5.800936100999999791e+06 2.729639999999999986e+02
-2.353854830000000075e+05 5.800936179999999702e+06 2.729340000000000259e+02
-2.353858850000000093e+05 5.800936259999999776e+06 2.729180000000000064e+02
-2.353862740000000049e+05 5.800936339999999851e+06 2.729230000000000018e+02
-2.353866490000000049e+05 5.800936422000000253e+06 2.729700000000000273e+02
-2.353870679999999993e+05 5.800936502000000328e+06 2.729200000000000159e+02
-2.353874290000000037e+05 5.800936583999999799e+06 2.729890000000000327e+02
-2.353878140000000130e+05 5.800936663999999873e+06 2.730000000000000000e+02
-2.353882039999999979e+05 5.800936741999999620e+06 2.729870000000000232e+02
-2.353885840000000026e+05 5.800936820000000298e+06 2.729900000000000091e+02
-2.353889640000000072e+05 5.800936901999999769e+06 2.730269999999999868e+02
-2.353893399999999965e+05 5.800936980000000447e+06 2.730420000000000300e+02
-2.353897229999999981e+05 5.800937058000000194e+06 2.730339999999999918e+02
-2.353901009999999951e+05 5.800937134999999776e+06 2.730369999999999777e+02
-2.353904700000000012e+05 5.800937212999999523e+06 2.730570000000000164e+02
-2.353908490000000165e+05 5.800937290000000037e+06 2.730540000000000305e+02
-2.353912200000000012e+05 5.800937366999999620e+06 2.730620000000000118e+02
-2.353916009999999951e+05 5.800937445000000298e+06 2.730670000000000073e+02
-2.353919750000000058e+05 5.800937520999999717e+06 2.730629999999999882e+02
-2.353923479999999981e+05 5.800937595999999903e+06 2.730459999999999923e+02
-2.353927140000000072e+05 5.800937671000000089e+06 2.730529999999999973e+02
-2.353930750000000116e+05 5.800937746999999508e+06 2.730710000000000264e+02
-2.353934599999999919e+05 5.800937822999999858e+06 2.730459999999999923e+02
-2.353938110000000161e+05 5.800937899000000209e+06 2.730869999999999891e+02
-2.353941780000000144e+05 5.800937972000000067e+06 2.730690000000000168e+02
-2.353945359999999928e+05 5.800938047000000253e+06 2.730869999999999891e+02
-2.353948880000000063e+05 5.800938121000000276e+06 2.731030000000000086e+02
-2.353952460000000137e+05 5.800938197999999858e+06 2.731340000000000146e+02
-2.353956130000000121e+05 5.800938269999999553e+06 2.731089999999999804e+02
-2.353959660000000149e+05 5.800938342000000179e+06 2.731059999999999945e+02
-2.353963230000000040e+05 5.800938415000000037e+06 2.731050000000000182e+02
-2.353966529999999912e+05 5.800938487999999896e+06 2.731600000000000250e+02
-2.353970169999999925e+05 5.800938563000000082e+06 2.731619999999999777e+02
-2.353973509999999951e+05 5.800938634999999776e+06 2.731990000000000123e+02
-2.353976920000000100e+05 5.800938707000000402e+06 2.732180000000000177e+02
-2.353980439999999944e+05 5.800938776999999769e+06 2.732030000000000314e+02
-2.353983760000000184e+05 5.800938849000000395e+06 2.732330000000000041e+02
-2.353987309999999998e+05 5.800938922000000253e+06 2.732379999999999995e+02
-2.353990640000000130e+05 5.800938991999999620e+06 2.732560000000000286e+02
-2.353994010000000126e+05 5.800939063000000082e+06 2.732750000000000341e+02
-2.353997280000000028e+05 5.800939132000000216e+06 2.732970000000000255e+02
-2.354000819999999949e+05 5.800939200000000186e+06 2.732560000000000286e+02
-2.354004260000000068e+05 5.800939269999999553e+06 2.732579999999999814e+02
-2.354007669999999925e+05 5.800939338999999687e+06 2.732520000000000095e+02
-2.354011030000000028e+05 5.800939406999999657e+06 2.732450000000000045e+02
-2.354014260000000068e+05 5.800939474999999627e+06 2.732669999999999959e+02
-2.354017540000000154e+05 5.800939542999999598e+06 2.732699999999999818e+02
-2.354020849999999919e+05 5.800939610000000335e+06 2.732680000000000291e+02
-2.354024150000000081e+05 5.800939677000000142e+06 2.732660000000000196e+02
-2.354027330000000075e+05 5.800939746999999508e+06 2.733059999999999832e+02
-2.354030460000000021e+05 5.800939814000000246e+06 2.733369999999999891e+02
-2.354033960000000079e+05 5.800939877000000328e+06 2.732630000000000337e+02
-2.354037229999999981e+05 5.800939942999999970e+06 2.732529999999999859e+02
-2.354040489999999991e+05 5.800940008000000380e+06 2.732370000000000232e+02
-2.354043710000000137e+05 5.800940075000000186e+06 2.732520000000000095e+02
-2.354047020000000193e+05 5.800940138000000268e+06 2.732110000000000127e+02
-2.354050279999999912e+05 5.800940201999999583e+06 2.731890000000000214e+02
-2.354053330000000133e+05 5.800940266999999993e+06 2.732110000000000127e+02
-2.354056469999999972e+05 5.800940331000000238e+06 2.732110000000000127e+02
-2.354059679999999935e+05 5.800940394999999553e+06 2.731999999999999886e+02
-2.354062920000000158e+05 5.800940457999999635e+06 2.731700000000000159e+02
-2.354065899999999965e+05 5.800940521999999881e+06 2.731970000000000027e+02
-2.354068999999999942e+05 5.800940583999999799e+06 2.731890000000000214e+02
-2.354072240000000165e+05 5.800940644000000320e+06 2.731329999999999814e+02
-2.354075120000000170e+05 5.800940711000000127e+06 2.732040000000000077e+02
-2.354077960000000021e+05 5.800940773000000045e+06 2.732459999999999809e+02
-2.354081059999999998e+05 5.800940833999999799e+06 2.732189999999999941e+02
-2.354084109999999928e+05 5.800940894000000320e+06 2.732019999999999982e+02
-2.354086950000000070e+05 5.800940956000000238e+06 2.732379999999999995e+02
-2.354090040000000154e+05 5.800941016999999993e+06 2.732239999999999895e+02
-2.354092920000000158e+05 5.800941077999999747e+06 2.732350000000000136e+02
-2.354095700000000070e+05 5.800941139000000432e+06 2.732760000000000105e+02
-2.354098649999999907e+05 5.800941196999999695e+06 2.732630000000000337e+02
-2.354101430000000109e+05 5.800941257000000216e+06 2.732900000000000205e+02
-2.354104290000000037e+05 5.800941315999999642e+06 2.732950000000000159e+02
-2.354107130000000179e+05 5.800941375000000000e+06 2.733050000000000068e+02
-2.354109839999999967e+05 5.800941435999999754e+06 2.733500000000000227e+02
-2.354112840000000142e+05 5.800941493999999948e+06 2.733190000000000168e+02
-2.354115469999999914e+05 5.800941552000000142e+06 2.733620000000000232e+02
-2.354118459999999905e+05 5.800941606999999844e+06 2.733109999999999786e+02
-2.354121169999999984e+05 5.800941665000000037e+06 2.733299999999999841e+02
-2.354124010000000126e+05 5.800941723000000231e+06 2.733340000000000032e+02
-2.354126579999999958e+05 5.800941780000000261e+06 2.733740000000000236e+02
-2.354129349999999977e+05 5.800941834999999963e+06 2.733620000000000232e+02
-2.354132220000000088e+05 5.800941890999999829e+06 2.733340000000000032e+02
-2.354134839999999967e+05 5.800941946000000462e+06 2.733500000000000227e+02
-2.354137589999999909e+05 5.800942003000000492e+06 2.733570000000000277e+02
-2.354140150000000140e+05 5.800942058000000194e+06 2.733840000000000146e+02
-2.354142719999999972e+05 5.800942111999999732e+06 2.733990000000000009e+02
-2.354145530000000144e+05 5.800942165000000037e+06 2.733620000000000232e+02
-2.354148190000000177e+05 5.800942217000000179e+06 2.733460000000000036e+02
-2.354150810000000056e+05 5.800942274000000209e+06 2.733690000000000282e+02
-2.354153410000000149e+05 5.800942326000000350e+06 2.733640000000000327e+02
-2.354155899999999965e+05 5.800942378999999724e+06 2.733820000000000050e+02
-2.354158399999999965e+05 5.800942432000000030e+06 2.734010000000000105e+02
-2.354161110000000044e+05 5.800942481999999844e+06 2.733539999999999850e+02
-2.354163760000000184e+05 5.800942535000000149e+06 2.733450000000000273e+02
-2.354166169999999984e+05 5.800942587000000291e+06 2.733729999999999905e+02
-2.354168600000000151e+05 5.800942638000000268e+06 2.733829999999999814e+02
-2.354171250000000000e+05 5.800942686999999918e+06 2.733410000000000082e+02
-2.354173509999999951e+05 5.800942737999999896e+06 2.733840000000000146e+02
-2.354175929999999935e+05 5.800942791000000201e+06 2.734130000000000109e+02
-2.354178209999999963e+05 5.800942838999999687e+06 2.734300000000000068e+02
-2.354180840000000026e+05 5.800942888000000268e+06 2.733870000000000005e+02
-2.354183200000000070e+05 5.800942936999999918e+06 2.734010000000000105e+02
-2.354185510000000068e+05 5.800942985999999568e+06 2.734130000000000109e+02
-2.354187939999999944e+05 5.800943033999999985e+06 2.734030000000000200e+02
-2.354190059999999939e+05 5.800943082000000402e+06 2.734470000000000027e+02
-2.354192430000000168e+05 5.800943131000000052e+06 2.734549999999999841e+02
-2.354194709999999905e+05 5.800943178999999538e+06 2.734660000000000082e+02
-2.354197000000000116e+05 5.800943225999999791e+06 2.734639999999999986e+02
-2.354199180000000051e+05 5.800943271999999881e+06 2.734839999999999804e+02
-2.354201529999999912e+05 5.800943317999999970e+06 2.734639999999999986e+02
-2.354203820000000123e+05 5.800943365000000224e+06 2.734689999999999941e+02
-2.354205940000000119e+05 5.800943410000000149e+06 2.734870000000000232e+02
-2.354208230000000040e+05 5.800943455000000075e+06 2.734719999999999800e+02
-2.354210320000000065e+05 5.800943500000000000e+06 2.734890000000000327e+02
-2.354212609999999986e+05 5.800943543999999762e+06 2.734669999999999845e+02
-2.354214830000000075e+05 5.800943587999999523e+06 2.734619999999999891e+02
-2.354216940000000177e+05 5.800943633000000380e+06 2.734739999999999895e+02
-2.354219170000000158e+05 5.800943674999999814e+06 2.734429999999999836e+02
-2.354221180000000168e+05 5.800943719000000507e+06 2.734710000000000036e+02
-2.354223200000000070e+05 5.800943760999999940e+06 2.734780000000000086e+02
-2.354225210000000079e+05 5.800943804999999702e+06 2.735130000000000337e+02
-2.354227390000000014e+05 5.800943845999999903e+06 2.734800000000000182e+02
-2.354229170000000158e+05 5.800943889999999665e+06 2.735459999999999923e+02
-2.354231380000000063e+05 5.800943928999999538e+06 2.734940000000000282e+02
-2.354233360000000102e+05 5.800943970999999903e+06 2.735070000000000050e+02
-2.354235420000000158e+05 5.800944010999999940e+06 2.734970000000000141e+02
-2.354237240000000165e+05 5.800944052000000142e+06 2.735310000000000059e+02
-2.354239100000000035e+05 5.800944093000000343e+06 2.735590000000000259e+02
-2.354240899999999965e+05 5.800944133000000380e+06 2.735860000000000127e+02
-2.354242650000000140e+05 5.800944173000000417e+06 2.736229999999999905e+02
-2.354244360000000161e+05 5.800944212999999523e+06 2.736730000000000018e+02
-2.354246229999999923e+05 5.800944252000000328e+06 2.736750000000000114e+02
-2.354248070000000007e+05 5.800944291000000201e+06 2.736899999999999977e+02
-2.354249940000000061e+05 5.800944327999999747e+06 2.736859999999999786e+02
-2.354251920000000100e+05 5.800944365000000224e+06 2.736519999999999868e+02
-2.354253760000000184e+05 5.800944401000000536e+06 2.736469999999999914e+02
-2.354255590000000084e+05 5.800944436999999918e+06 2.736340000000000146e+02
-2.354257369999999937e+05 5.800944474999999627e+06 2.736460000000000150e+02
-2.354259239999999991e+05 5.800944509999999776e+06 2.736220000000000141e+02
-2.354260860000000102e+05 5.800944546000000089e+06 2.736480000000000246e+02
-2.354262639999999956e+05 5.800944580000000075e+06 2.736340000000000146e+02
-2.354264370000000054e+05 5.800944615000000224e+06 2.736310000000000286e+02
-2.354266030000000028e+05 5.800944649000000209e+06 2.736310000000000286e+02
-2.354267779999999912e+05 5.800944684000000358e+06 2.736290000000000191e+02
-2.354269349999999977e+05 5.800944717000000179e+06 2.736399999999999864e+02
-2.354271039999999921e+05 5.800944751000000164e+06 2.736360000000000241e+02
-2.354272609999999986e+05 5.800944783999999985e+06 2.736460000000000150e+02
-2.354274200000000128e+05 5.800944815999999642e+06 2.736440000000000055e+02
-2.354275830000000133e+05 5.800944849000000395e+06 2.736440000000000055e+02
-2.354277360000000044e+05 5.800944881000000052e+06 2.736530000000000200e+02
-2.354278889999999956e+05 5.800944912000000477e+06 2.736560000000000059e+02
-2.354280530000000144e+05 5.800944942999999970e+06 2.736360000000000241e+02
-2.354282010000000009e+05 5.800944973000000231e+06 2.736360000000000241e+02
-2.354283410000000149e+05 5.800945006000000052e+06 2.736739999999999782e+02
-2.354284899999999907e+05 5.800945036000000313e+06 2.736689999999999827e+02
-2.354286499999999942e+05 5.800945064000000246e+06 2.736329999999999814e+02
-2.354287930000000051e+05 5.800945094000000507e+06 2.736380000000000337e+02
-2.354289330000000191e+05 5.800945122999999672e+06 2.736490000000000009e+02
-2.354290789999999979e+05 5.800945151999999769e+06 2.736419999999999959e+02
-2.354292119999999995e+05 5.800945180999999866e+06 2.736569999999999823e+02
-2.354293500000000058e+05 5.800945208999999799e+06 2.736600000000000250e+02
-2.354294809999999998e+05 5.800945235999999568e+06 2.736610000000000014e+02
-2.354296190000000061e+05 5.800945263000000268e+06 2.736569999999999823e+02
-2.354297580000000016e+05 5.800945288999999873e+06 2.736410000000000196e+02
-2.354298619999999937e+05 5.800945316999999806e+06 2.736979999999999791e+02
-2.354299990000000107e+05 5.800945343000000343e+06 2.736870000000000118e+02
-2.354301199999999953e+05 5.800945370000000112e+06 2.737040000000000077e+02
-2.354302570000000123e+05 5.800945394999999553e+06 2.736800000000000068e+02
-2.354303669999999984e+05 5.800945419999999925e+06 2.737049999999999841e+02
-2.354304990000000107e+05 5.800945442999999970e+06 2.736790000000000305e+02
-2.354306089999999967e+05 5.800945469000000507e+06 2.737119999999999891e+02
-2.354307330000000075e+05 5.800945491999999620e+06 2.736960000000000264e+02
-2.354308509999999951e+05 5.800945515999999829e+06 2.736910000000000309e+02
-2.354309610000000102e+05 5.800945540000000037e+06 2.737040000000000077e+02
-2.354310789999999979e+05 5.800945561999999918e+06 2.736920000000000073e+02
-2.354311810000000114e+05 5.800945584999999963e+06 2.737139999999999986e+02
-2.354312950000000128e+05 5.800945606999999844e+06 2.737010000000000218e+02
-2.354314010000000126e+05 5.800945628000000492e+06 2.737049999999999841e+02
-2.354315089999999909e+05 5.800945650000000373e+06 2.737030000000000314e+02
-2.354316050000000105e+05 5.800945671000000089e+06 2.737160000000000082e+02
-2.354317130000000179e+05 5.800945690999999642e+06 2.737069999999999936e+02
-2.354318170000000100e+05 5.800945712000000291e+06 2.737030000000000314e+02
-2.354319029999999912e+05 5.800945733000000007e+06 2.737320000000000277e+02
-2.354320070000000123e+05 5.800945751000000164e+06 2.737090000000000032e+02
-2.354320899999999965e+05 5.800945770999999717e+06 2.737370000000000232e+02
-2.354321860000000161e+05 5.800945790000000037e+06 2.737359999999999900e+02
-2.354322890000000189e+05 5.800945807000000030e+06 2.737049999999999841e+02
-2.354323830000000016e+05 5.800945825000000186e+06 2.736970000000000027e+02
-2.354324649999999965e+05 5.800945842000000179e+06 2.737040000000000077e+02
-2.354325580000000191e+05 5.800945859000000171e+06 2.736890000000000214e+02
-2.354326490000000049e+05 5.800945876000000164e+06 2.736800000000000068e+02
-2.354327240000000165e+05 5.800945894000000320e+06 2.736979999999999791e+02
-2.354328060000000114e+05 5.800945908999999985e+06 2.736920000000000073e+02
-2.354328740000000107e+05 5.800945925999999978e+06 2.737210000000000036e+02
-2.354329619999999995e+05 5.800945940000000410e+06 2.736899999999999977e+02
-2.354330169999999925e+05 5.800945956000000238e+06 2.737339999999999804e+02
-2.354331000000000058e+05 5.800945970999999903e+06 2.737139999999999986e+02
-2.354331560000000172e+05 5.800945986999999732e+06 2.737579999999999814e+02
-2.354332399999999907e+05 5.800945998999999836e+06 2.737189999999999941e+02
-2.354333090000000084e+05 5.800946012000000104e+06 2.737139999999999986e+02
-2.354333740000000107e+05 5.800946025000000373e+06 2.737150000000000318e+02
-2.354334260000000068e+05 5.800946038999999873e+06 2.737440000000000282e+02
-2.354335080000000016e+05 5.800946050999999978e+06 2.737040000000000077e+02
-2.354335489999999991e+05 5.800946064000000246e+06 2.737479999999999905e+02
-2.354335929999999935e+05 5.800946076000000350e+06 2.737800000000000296e+02
-2.354336630000000005e+05 5.800946087000000291e+06 2.737490000000000236e+02
-2.354337119999999995e+05 5.800946098000000231e+06 2.737620000000000005e+02
-2.354337749999999942e+05 5.800946108000000007e+06 2.737420000000000186e+02
-2.354338280000000086e+05 5.800946117999999784e+06 2.737370000000000232e+02
-2.354338740000000107e+05 5.800946128000000492e+06 2.737429999999999950e+02
-2.354339100000000035e+05 5.800946138000000268e+06 2.737719999999999914e+02
-2.354339539999999979e+05 5.800946146999999881e+06 2.737760000000000105e+02
-2.354340050000000047e+05 5.800946155999999493e+06 2.737640000000000100e+02
-2.354340400000000081e+05 5.800946163999999873e+06 2.737789999999999964e+02
-2.354340869999999995e+05 5.800946172000000253e+06 2.737649999999999864e+02
-2.354341260000000184e+05 5.800946178999999538e+06 2.737610000000000241e+02
-2.354341560000000172e+05 5.800946185999999754e+06 2.737740000000000009e+02
-2.354341970000000147e+05 5.800946191999999806e+06 2.737579999999999814e+02
-2.354342320000000182e+05 5.800946197999999858e+06 2.737520000000000095e+02
-2.354342620000000170e+05 5.800946203999999911e+06 2.737510000000000332e+02
-2.354342989999999991e+05 5.800946208999999799e+06 2.737330000000000041e+02
-2.354343270000000193e+05 5.800946214999999851e+06 2.737379999999999995e+02
-2.354343530000000028e+05 5.800946219999999739e+06 2.737350000000000136e+02
-2.354343790000000154e+05 5.800946224000000395e+06 2.737330000000000041e+02
-2.354343940000000002e+05 5.800946229000000283e+06 2.737520000000000095e+02
-2.354344109999999928e+05 5.800946233000000007e+06 2.737599999999999909e+02
-2.354344280000000144e+05 5.800946236999999732e+06 2.737599999999999909e+02
-2.354344500000000116e+05 5.800946239000000060e+06 2.737490000000000236e+02
-2.354344690000000119e+05 5.800946241000000387e+06 2.737370000000000232e+02
-2.354344800000000105e+05 5.800946243999999948e+06 2.737409999999999854e+02
-2.354344839999999967e+05 5.800946246000000276e+06 2.737570000000000050e+02
-2.354345000000000000e+05 5.800946246999999508e+06 2.737429999999999950e+02
-2.354345010000000184e+05 5.800946247999999672e+06 2.737510000000000332e+02
-2.354345070000000123e+05 5.800946248999999836e+06 2.737529999999999859e+02
-2.354345139999999956e+05 5.800946248999999836e+06 2.737420000000000186e+02
-2.354345139999999956e+05 5.800946248999999836e+06 2.737490000000000236e+02
-2.354345100000000093e+05 5.800946248999999836e+06 2.737540000000000191e+02
-2.354344830000000075e+05 5.800946248999999836e+06 2.738109999999999786e+02
-2.354345190000000002e+05 5.800946246000000276e+06 2.737239999999999895e+02
-2.354344780000000028e+05 5.800946243999999948e+06 2.737819999999999823e+02
-2.354344800000000105e+05 5.800946241999999620e+06 2.737620000000000005e+02
-2.354344679999999935e+05 5.800946240000000224e+06 2.737699999999999818e+02
-2.354344520000000193e+05 5.800946236999999732e+06 2.737769999999999868e+02
-2.354344520000000193e+05 5.800946233000000007e+06 2.737500000000000000e+02
-2.354344320000000007e+05 5.800946230000000447e+06 2.737620000000000005e+02
-2.354344040000000095e+05 5.800946226999999955e+06 2.737839999999999918e+02
-2.354343880000000063e+05 5.800946222000000067e+06 2.737769999999999868e+02
-2.354343680000000168e+05 5.800946217000000179e+06 2.737760000000000105e+02
-2.354343420000000042e+05 5.800946212999999523e+06 2.737850000000000250e+02
-2.354343319999999949e+05 5.800946206000000238e+06 2.737470000000000141e+02
-2.354343140000000130e+05 5.800946199000000022e+06 2.737259999999999991e+02
-2.354342810000000172e+05 5.800946192999999970e+06 2.737390000000000327e+02
-2.354342660000000033e+05 5.800946185999999754e+06 2.737049999999999841e+02
-2.354342190000000119e+05 5.800946179999999702e+06 2.737400000000000091e+02
-2.354341870000000054e+05 5.800946173000000417e+06 2.737400000000000091e+02
-2.354341490000000049e+05 5.800946166000000201e+06 2.737510000000000332e+02
-2.354341110000000044e+05 5.800946157999999821e+06 2.737479999999999905e+02
-2.354340770000000193e+05 5.800946149000000209e+06 2.737409999999999854e+02
-2.354340450000000128e+05 5.800946139999999665e+06 2.737200000000000273e+02
-2.354339919999999984e+05 5.800946132000000216e+06 2.737459999999999809e+02
-2.354339550000000163e+05 5.800946121999999508e+06 2.737300000000000182e+02
-2.354338999999999942e+05 5.800946111999999732e+06 2.737470000000000141e+02
-2.354338570000000182e+05 5.800946101999999955e+06 2.737359999999999900e+02
-2.354338179999999993e+05 5.800946089999999851e+06 2.737119999999999891e+02
-2.354337600000000093e+05 5.800946080000000075e+06 2.737289999999999850e+02
