2.504700124263763428e-01 -6.911999732255935669e-02 -2.762999944388866425e-02
2.810400128364562988e-01 -4.692000150680541992e-02 2.778000012040138245e-02
-1.417999994009733200e-02 -5.361999943852424622e-02 -2.686499953269958496e-01
5.801000073552131653e-02 -7.043000310659408569e-02 -3.528000041842460632e-02
-2.118500024080276489e-01 1.948999986052513123e-02 1.550000044517219067e-03
5.113999918103218079e-02 -6.576000154018402100e-02 9.670999646186828613e-02
2.619999926537275314e-03 -1.082000043243169785e-02 -1.706999912858009338e-02
1.356900036334991455e-01 -3.361000120639801025e-02 -3.241999819874763489e-02
1.162000000476837158e-01 -6.325999647378921509e-02 -3.142999857664108276e-02
1.629399955272674561e-01 -8.209999650716781616e-03 6.860000081360340118e-03
-1.530999969691038132e-02 -5.485999956727027893e-02 2.665399909019470215e-01
-2.166000008583068848e-02 -6.013999879360198975e-02 1.908999979496002197e-01
3.680999949574470520e-02 -5.812999978661537170e-02 -7.472000271081924438e-02
-2.809700071811676025e-01 3.347999975085258484e-02 -0.000000000000000000e+00
-2.348300069570541382e-01 2.044999971985816956e-02 -8.862999826669692993e-02
6.432999670505523682e-02 -6.044000014662742615e-02 -6.092999875545501709e-02
-1.150100007653236389e-01 -2.680999971926212311e-02 -3.355000168085098267e-02
-9.312999993562698364e-02 -1.119999960064888000e-02 1.006000023335218430e-02
-5.017000064253807068e-02 -6.486000120639801025e-02 -3.863000124692916870e-02
4.833000153303146362e-02 -6.436000019311904907e-02 1.143700033426284790e-01
3.025900125503540039e-01 -7.182999700307846069e-02 1.164999976754188538e-02
2.002000063657760620e-02 -6.829000264406204224e-02 -9.264999628067016602e-02
2.991299927234649658e-01 -4.768000170588493347e-02 2.318999916315078735e-02
6.624999642372131348e-02 -6.696999818086624146e-02 5.418999865651130676e-02
-2.586999908089637756e-02 -1.393000036478042603e-02 2.071999944746494293e-02
1.010299995541572571e-01 -7.807999849319458008e-02 -4.600000102072954178e-03
-6.108999997377395630e-02 -2.366000041365623474e-02 -4.861000180244445801e-02
1.133799999952316284e-01 -8.089999668300151825e-03 -5.270000081509351730e-03
-1.109500005841255188e-01 -3.103999979794025421e-02 3.736000135540962219e-02
3.148800134658813477e-01 -7.085999846458435059e-02 -7.300000172108411789e-03
1.098899990320205688e-01 -2.873999997973442078e-02 3.105000033974647522e-02
3.829000145196914673e-02 -5.731999874114990234e-02 4.936999827623367310e-02
7.079999893903732300e-03 -5.923999845981597900e-02 7.354000210762023926e-02
6.244999915361404419e-02 -2.905000001192092896e-02 -3.113999962806701660e-02
-7.028999924659729004e-02 -4.187000170350074768e-02 -4.913000017404556274e-02
4.256999865174293518e-02 -6.295999884605407715e-02 1.576199978590011597e-01
-9.179999679327011108e-02 -1.766999997198581696e-02 -2.133999951183795929e-02
6.592000275850296021e-02 -5.497999861836433411e-02 -3.469999879598617554e-02
-7.489000260829925537e-02 -1.508000027388334274e-02 -5.737999826669692993e-02
4.617999866604804993e-02 -6.119000166654586792e-02 -1.100900024175643921e-01
2.178999967873096466e-02 -5.240999907255172729e-02 2.441399991512298584e-01
2.861000038683414459e-02 -5.499999970197677612e-02 2.044100016355514526e-01
2.741000056266784668e-02 -5.366000160574913025e-02 2.288399934768676758e-01
-4.656999930739402771e-02 -1.676999963819980621e-02 -5.423999950289726257e-02
-5.226999893784523010e-02 -6.283000111579895020e-02 3.590999916195869446e-02
2.049199938774108887e-01 -7.152999937534332275e-02 -2.697999961674213409e-02
1.273500025272369385e-01 -7.557000219821929932e-02 -1.727999933063983917e-02
8.261000365018844604e-02 -3.737000003457069397e-02 -3.325999900698661804e-02
1.682299971580505371e-01 -9.940000250935554504e-03 1.443000044673681259e-02
1.044199988245964050e-01 -3.516000136733055115e-02 -3.285999968647956848e-02
-2.558000013232231140e-02 -7.023999840021133423e-02 -2.483999915421009064e-02
-2.576200067996978760e-01 1.343999989330768585e-02 6.310000270605087280e-02
-4.540000110864639282e-03 -2.387000061571598053e-02 2.881000004708766937e-02
-1.072200015187263489e-01 -2.995000034570693970e-02 -7.677000015974044800e-02
2.452000044286251068e-02 -5.812000110745429993e-02 -9.103000164031982422e-02
1.957000046968460083e-02 -5.843000113964080811e-02 -9.155999869108200073e-02
-4.889999981969594955e-03 -6.679999828338623047e-02 1.050700023770332336e-01
3.435999900102615356e-02 -5.054000020027160645e-02 -3.378999978303909302e-02
2.811200022697448730e-01 -5.296000093221664429e-02 2.810000069439411163e-02
8.899999782443046570e-03 -4.853999987244606018e-02 -3.161799907684326172e-01
2.178899943828582764e-01 -3.320999816060066223e-02 -2.567999996244907379e-02
2.885900139808654785e-01 -4.204000160098075867e-02 -1.766999997198581696e-02
6.102000176906585693e-02 -7.980000227689743042e-03 3.800000064074993134e-03
1.840800046920776367e-01 -5.700000002980232239e-02 3.378999978303909302e-02
5.279999971389770508e-02 -6.684999912977218628e-02 -8.735000342130661011e-02
-2.087900042533874512e-01 1.350000035017728806e-02 -1.840000040829181671e-03
8.639000356197357178e-02 -4.661000147461891174e-02 3.378999978303909302e-02
2.035699933767318726e-01 -5.770000070333480835e-02 -3.378999978303909302e-02
2.126999944448471069e-02 -5.705000087618827820e-02 2.624799907207489014e-01
1.542999967932701111e-02 -5.389999970793724060e-02 3.098399937152862549e-01
2.735300064086914062e-01 -3.798000141978263855e-02 -2.289999974891543388e-03
3.316999971866607666e-02 -5.347999930381774902e-02 -2.400300055742263794e-01
1.871000044047832489e-02 -4.783000051975250244e-02 -3.274999856948852539e-01
-2.367399930953979492e-01 -1.429000031203031540e-02 -2.080000005662441254e-03
-6.680000107735395432e-03 -5.020999908447265625e-02 -3.210900127887725830e-01
-7.439999841153621674e-03 -5.276999995112419128e-02 -2.673200070858001709e-01
-2.863799929618835449e-01 9.830000251531600952e-02 -0.000000000000000000e+00
-2.874400019645690918e-01 9.080000221729278564e-02 -0.000000000000000000e+00
1.423300057649612427e-01 -5.717999860644340515e-02 -3.378999978303909302e-02
4.131999984383583069e-02 -5.832999944686889648e-02 2.101999968290328979e-01
1.080999989062547684e-02 -6.651999801397323608e-02 1.259099990129470825e-01
1.726000010967254639e-02 -5.358000099658966064e-02 3.128199875354766846e-01
2.349000051617622375e-02 -5.978000164031982422e-02 2.234899997711181641e-01
-2.583000063896179199e-02 -6.553000211715698242e-02 9.477999806404113770e-02
-2.413499951362609863e-01 4.999999888241291046e-03 1.441999990493059158e-02
-2.415200024843215942e-01 1.004999969154596329e-02 4.193999990820884705e-02
-2.358399927616119385e-01 1.587999984622001648e-02 7.219000160694122314e-02
3.647999837994575500e-02 -7.447999715805053711e-02 -1.989999972283840179e-02
-2.834500074386596680e-01 8.009999990463256836e-03 -0.000000000000000000e+00
-1.391600072383880615e-01 -1.401999965310096741e-02 -1.140000019222497940e-02
3.177900016307830811e-01 -7.084000110626220703e-02 3.900000010617077351e-04
-4.386999830603599548e-02 -6.418000161647796631e-02 -9.070999920368194580e-02
-2.818900048732757568e-01 7.032000273466110229e-02 -0.000000000000000000e+00
3.324000164866447449e-02 -5.685000121593475342e-02 1.734800040721893311e-01
3.019999945536255836e-03 -8.916000276803970337e-02 -9.495999664068222046e-02
-1.561100035905838013e-01 -1.878999918699264526e-02 1.484000030905008316e-02
2.797099947929382324e-01 -4.128000140190124512e-02 2.036000043153762817e-02
-1.099999994039535522e-01 -2.763999998569488525e-02 5.039000138640403748e-02
1.104000024497509003e-02 -4.778999835252761841e-02 -3.601799905300140381e-01
-9.882999956607818604e-02 -3.942999988794326782e-02 -7.370000332593917847e-02
-2.225999981164932251e-01 9.089999832212924957e-03 -3.141999989748001099e-02
-1.081800013780593872e-01 -2.528000064194202423e-02 4.803999885916709900e-02
2.407400012016296387e-01 -8.495000004768371582e-02 -1.320000039413571358e-03
-9.150000289082527161e-03 -5.950000137090682983e-02 1.276499927043914795e-01
-2.553099989891052246e-01 -4.400000034365803003e-04 1.359999994747340679e-03
2.297399938106536865e-01 -4.512000083923339844e-02 3.266000002622604370e-02
1.958999969065189362e-02 -6.669999659061431885e-02 1.283999979496002197e-01
-2.245099991559982300e-01 1.229999959468841553e-02 -4.865000024437904358e-02
-2.473399937152862549e-01 1.412000041455030441e-02 5.073000118136405945e-02
-2.282699942588806152e-01 1.059999968856573105e-02 2.937000058591365814e-02
-2.498600035905838013e-01 1.307000033557415009e-02 4.456000030040740967e-02
-9.629999846220016479e-02 -2.589999930933117867e-03 -0.000000000000000000e+00
-1.370300054550170898e-01 -2.782999910414218903e-02 2.301000058650970459e-02
-4.879999905824661255e-03 -6.569000333547592163e-02 1.242899969220161438e-01
-5.564999952912330627e-02 -4.975000023841857910e-02 6.341999769210815430e-02
-2.712999880313873291e-01 9.420999884605407715e-02 -0.000000000000000000e+00
-1.019299998879432678e-01 -4.600999876856803894e-02 -6.374000012874603271e-02
1.623899936676025391e-01 -1.810999959707260132e-02 2.514000050723552704e-02
2.470000088214874268e-02 -6.094000115990638733e-02 -2.066799998283386230e-01
1.671000011265277863e-02 -5.319000035524368286e-02 -3.186599910259246826e-01
-2.581999897956848145e-01 9.229999966919422150e-03 2.197000011801719666e-02
-5.816999822854995728e-02 -4.535999894142150879e-02 5.296999961137771606e-02
-8.851999789476394653e-02 -3.169000148773193359e-02 -3.426000103354454041e-02
1.303299963474273682e-01 -7.790000177919864655e-03 1.230000052601099014e-03
-1.975000090897083282e-02 -6.133000180125236511e-02 -8.866000175476074219e-02
2.499399930238723755e-01 -7.807999849319458008e-02 -5.020000040531158447e-03
-6.752999871969223022e-02 -4.447999969124794006e-02 -7.568000257015228271e-02
2.959999954327940941e-03 -6.949999928474426270e-02 -3.565999865531921387e-02
-1.366699934005737305e-01 -1.214000023901462555e-02 -3.920000046491622925e-03
8.800000068731606007e-04 -5.931999906897544861e-02 2.257200032472610474e-01
9.359999559819698334e-03 -6.271000206470489502e-02 1.873700022697448730e-01
-1.040399968624114990e-01 -2.479000017046928406e-02 6.823000311851501465e-02
-2.091999910771846771e-02 -4.610000178217887878e-02 3.378999978303909302e-02
-1.336600035429000854e-01 -3.215000033378601074e-02 -2.309999987483024597e-02
-1.589999999850988388e-03 -5.254000052809715271e-02 2.565400004386901855e-01
-8.288999646902084351e-02 -3.638000041246414185e-02 -7.678999751806259155e-02
1.214300021529197693e-01 -8.050000295042991638e-03 -4.749999847263097763e-03
-2.503899931907653809e-01 -1.384000014513731003e-02 1.449999981559813023e-03
1.530000008642673492e-02 -5.818999931216239929e-02 1.161900013685226440e-01
9.870000183582305908e-03 -5.651000142097473145e-02 1.562599986791610718e-01
8.220000192523002625e-03 -8.196999877691268921e-02 1.068800017237663269e-01
-1.789699941873550415e-01 2.400000113993883133e-03 -0.000000000000000000e+00
-1.260000020265579224e-01 -7.829999551177024841e-03 -0.000000000000000000e+00
6.283999979496002197e-02 -3.492999821901321411e-02 3.279000148177146912e-02
-1.230100020766258240e-01 -4.709000140428543091e-02 2.439000084996223450e-02
-2.407899945974349976e-01 -3.156000003218650818e-02 5.960000213235616684e-03
-1.590500026941299438e-01 -3.109999932348728180e-02 -1.930999942123889923e-02
2.347200065851211548e-01 -7.638999819755554199e-02 -2.749999985098838806e-03
1.380999982357025146e-01 -1.188000012189149857e-02 1.903999969363212585e-02
1.279000006616115570e-02 -4.670999944210052490e-02 -3.537899851799011230e-01
-4.091000184416770935e-02 -4.834000021219253540e-02 3.378999978303909302e-02
-1.198000013828277588e-01 -1.972999982535839081e-02 -5.874999985098838806e-02
1.515399962663650513e-01 -7.807999849319458008e-02 1.930000027641654015e-03
5.197999998927116394e-02 -7.807999849319458008e-02 3.779999911785125732e-03
2.883499860763549805e-01 -6.321000307798385620e-02 2.542999945580959320e-02
1.253499984741210938e-01 -5.714000016450881958e-02 -3.378999978303909302e-02
2.335699945688247681e-01 -3.579000011086463928e-02 -2.455000020563602448e-02
-1.691900044679641724e-01 -4.949999973177909851e-03 -2.589999930933117867e-03
-1.178100034594535828e-01 -7.189999800175428391e-03 -2.520000096410512924e-03
-2.431900054216384888e-01 1.761999912559986115e-02 -7.145000249147415161e-02
-2.592499852180480957e-01 6.380000151693820953e-03 -4.970000125467777252e-03
-2.519800066947937012e-01 1.315999962389469147e-02 -4.512000083923339844e-02
-3.819999843835830688e-02 -6.497000157833099365e-02 -5.702999979257583618e-02
1.454800069332122803e-01 -4.334000125527381897e-02 3.378999978303909302e-02
2.847000025212764740e-02 -1.020999997854232788e-02 1.523000001907348633e-02
-1.960000023245811462e-03 -5.789000168442726135e-02 1.479600071907043457e-01
-2.517800033092498779e-01 7.119999825954437256e-02 -0.000000000000000000e+00
-1.192200034856796265e-01 -2.156000025570392609e-02 -7.141000032424926758e-02
2.965999953448772430e-02 -4.957000166177749634e-02 3.188500106334686279e-01
-2.453099936246871948e-01 6.699000298976898193e-02 -0.000000000000000000e+00
-2.676399946212768555e-01 1.707999967038631439e-02 -7.865999639034271240e-02
-1.007900014519691467e-01 -2.321000024676322937e-02 -7.519999891519546509e-02
-1.018799990415573120e-01 -2.600999921560287476e-02 -2.961000055074691772e-02
9.669999592006206512e-03 -6.396999955177307129e-02 -1.678099930286407471e-01
3.149800002574920654e-01 -4.853000119328498840e-02 -1.173999998718500137e-02
-2.622999995946884155e-02 -6.572999805212020874e-02 -6.825000047683715820e-02
-1.455599963665008545e-01 -2.930999919772148132e-02 -2.208999916911125183e-02
1.348000019788742065e-02 -5.866999924182891846e-02 -1.096400022506713867e-01
1.410999987274408340e-02 -5.638999864459037781e-02 -1.523700058460235596e-01
-1.186800003051757812e-01 -2.835999988019466400e-02 5.231999978423118591e-02
2.341299951076507568e-01 -6.089999899268150330e-02 -3.102999925613403320e-02
8.889999985694885254e-02 -1.073000021278858185e-02 -1.679999940097332001e-02
-8.185999840497970581e-02 -3.136999905109405518e-02 7.846000045537948608e-02
2.233200073242187500e-01 -7.103999704122543335e-02 -2.683999948203563690e-02
1.505900025367736816e-01 -1.037999987602233887e-02 1.573999971151351929e-02
1.315000057220458984e-01 -5.962999910116195679e-02 3.297999873757362366e-02
-4.847000166773796082e-02 -3.167999908328056335e-02 -3.496000170707702637e-02
-1.252200007438659668e-01 -5.352000147104263306e-02 -2.119000069797039032e-02
-1.066299974918365479e-01 -5.091999843716621399e-02 -2.624000050127506256e-02
-2.525100111961364746e-01 1.513999979943037033e-02 -1.640000031329691410e-03
-2.521499991416931152e-01 2.074000053107738495e-02 -1.709999982267618179e-03
-3.308000043034553528e-02 -2.704999968409538269e-02 3.037999942898750305e-02
-1.622399985790252686e-01 -1.315000001341104507e-02 3.849999979138374329e-03
7.269999943673610687e-03 -8.138000220060348511e-02 -1.020200029015541077e-01
2.305000089108943939e-02 -5.804000049829483032e-02 -1.196700036525726318e-01
-6.909999996423721313e-03 -6.199999898672103882e-02 -1.823499947786331177e-01
-5.830999836325645447e-02 -2.600999921560287476e-02 4.001000151038169861e-02
-4.205999895930290222e-02 -2.556999959051609039e-02 -2.941999956965446472e-02
5.801000073552131653e-02 -7.216999679803848267e-02 -2.663999982178211212e-02
-4.374000057578086853e-02 -4.619999974966049194e-02 6.633000075817108154e-02
3.088000044226646423e-02 -7.593999803066253662e-02 1.640000008046627045e-02
-2.695200145244598389e-01 1.468000002205371857e-02 -6.272999942302703857e-02
1.599700003862380981e-01 -4.865999892354011536e-02 3.378999978303909302e-02
-5.499999970197677612e-02 -5.759000033140182495e-02 -3.189999982714653015e-02
-1.415199935436248779e-01 -2.944000065326690674e-02 -2.765999920666217804e-02
-9.318000078201293945e-02 -2.601999975740909576e-02 -3.849999979138374329e-02
-8.324000239372253418e-02 -2.015000022947788239e-02 -5.093000084161758423e-02
1.876999996602535248e-02 -4.695000126957893372e-02 3.511900007724761963e-01
-2.412999980151653290e-02 -7.295999675989151001e-02 -1.858000084757804871e-02
-6.722000241279602051e-02 -1.243000011891126633e-02 6.225999817252159119e-02
2.477999962866306305e-02 -6.462000310420989990e-02 -1.543699949979782104e-01
-2.367299944162368774e-01 2.144999988377094269e-02 9.404999762773513794e-02
-2.392700016498565674e-01 1.930000074207782745e-02 8.133000135421752930e-02
4.930999875068664551e-02 -5.460000038146972656e-02 -3.654000163078308105e-02
-4.772999882698059082e-02 -8.899999782443046570e-03 2.550000092014670372e-03
-5.730000138282775879e-02 -4.859000071883201599e-02 5.631000176072120667e-02
4.670000169426202774e-03 -5.172999948263168335e-02 -2.617399990558624268e-01
9.940000250935554504e-03 -5.218999832868576050e-02 -2.424100041389465332e-01
2.362899929285049438e-01 -8.285000175237655640e-02 -7.749999873340129852e-03
-4.879999905824661255e-03 -5.283999815583229065e-02 -2.577399909496307373e-01
1.183699965476989746e-01 -1.841999962925910950e-02 2.534000016748905182e-02
-2.792000025510787964e-02 -6.352999806404113770e-02 1.341300010681152344e-01
1.644099950790405273e-01 -6.201000139117240906e-02 3.197000175714492798e-02
-1.929100006818771362e-01 -3.234999999403953552e-02 -1.405000034719705582e-02
1.405000034719705582e-02 -9.581000357866287231e-02 9.974999725818634033e-02
-2.688300013542175293e-01 4.413000121712684631e-02 -1.180000021122395992e-03
-2.589000016450881958e-02 -6.187000125646591187e-02 -8.500000089406967163e-02
-2.734299898147583008e-01 1.157999970018863678e-02 4.730999842286109924e-02
2.643199861049652100e-01 -7.096000015735626221e-02 -2.267000079154968262e-02
-6.941000372171401978e-02 -3.170000016689300537e-02 4.517000168561935425e-02
-3.875999897718429565e-02 -6.332000344991683960e-02 -1.123899966478347778e-01
7.829999551177024841e-03 -7.365000247955322266e-02 -2.205999940633773804e-02
-2.889100015163421631e-01 2.149000018835067749e-02 -3.699999942909926176e-04
-1.171999983489513397e-02 -6.656999886035919189e-02 7.962000370025634766e-02
2.309999894350767136e-03 -3.241999819874763489e-02 3.209000080823898315e-02
-4.467999935150146484e-02 -6.350000202655792236e-02 -6.578999757766723633e-02
-2.479999959468841553e-01 3.547000139951705933e-02 2.050000010058283806e-03
-1.707800030708312988e-01 -1.820000004954636097e-03 2.279999898746609688e-03
-1.632799953222274780e-01 1.460000057704746723e-03 1.900000032037496567e-03
2.262900024652481079e-01 -7.738000154495239258e-02 -1.221000030636787415e-02
-1.218900009989738464e-01 -3.723999857902526855e-02 6.954000145196914673e-02
-5.516000092029571533e-02 -2.600999921560287476e-02 4.349999874830245972e-02
4.170000180602073669e-02 -5.824000015854835510e-02 -1.837099939584732056e-01
1.290000043809413910e-02 -5.781999975442886353e-02 -1.267700046300888062e-01
-4.410000052303075790e-03 -5.913000181317329407e-02 -1.273899972438812256e-01
8.044999837875366211e-02 -7.699999958276748657e-03 -0.000000000000000000e+00
-1.172199994325637817e-01 -2.180000022053718567e-02 7.188999652862548828e-02
-1.393000036478042603e-02 -6.075999885797500610e-02 1.102500036358833313e-01
-3.759000077843666077e-02 -3.192999958992004395e-02 4.988000169396400452e-02
-2.346100062131881714e-01 1.068999990820884705e-02 -4.368000105023384094e-02
-2.458200007677078247e-01 3.379999892786145210e-03 -6.719999946653842926e-03
1.319999992847442627e-02 -5.076000094413757324e-02 2.646400034427642822e-01
2.289999974891543388e-03 -5.313000082969665527e-02 2.385299950838088989e-01
1.293999981135129929e-02 -5.403999984264373779e-02 1.996600031852722168e-01
4.922999814152717590e-02 -6.312000006437301636e-02 1.226499974727630615e-01
-2.407100051641464233e-01 2.432999946177005768e-02 -2.270000055432319641e-03
3.000999987125396729e-02 -6.659000366926193237e-02 -1.213899999856948853e-01
2.668000012636184692e-02 -5.186000093817710876e-02 3.290799856185913086e-01
-9.085000306367874146e-02 -6.702999770641326904e-02 1.140999980270862579e-02
-8.451999723911285400e-02 -6.521999835968017578e-02 1.941999979317188263e-02
1.756300032138824463e-01 -4.120999947190284729e-02 -3.376000002026557922e-02
-3.113999962806701660e-02 -6.123000010848045349e-02 -1.414400041103363037e-01
1.710999943315982819e-02 -6.819000095129013062e-02 -6.380999833345413208e-02
-2.094199955463409424e-01 -5.169999785721302032e-03 -3.419999964535236359e-03
-1.175099983811378479e-01 -5.936000123620033264e-02 -1.431000046432018280e-02
-1.053799986839294434e-01 -6.308999657630920410e-02 -1.241999957710504532e-02
-9.374000132083892822e-02 -1.539999991655349731e-02 6.001999974250793457e-02
-1.102000009268522263e-02 -5.291000008583068848e-02 2.968100011348724365e-01
-3.753000125288963318e-02 -2.851000055670738220e-02 -4.563999921083450317e-02
9.279999881982803345e-03 -5.920999869704246521e-02 1.052400022745132446e-01
6.683000177145004272e-02 -5.995000153779983521e-02 4.591000080108642578e-02
4.149999935179948807e-03 -5.376999825239181519e-02 2.220699936151504517e-01
-3.629999933764338493e-03 -5.457999929785728455e-02 2.210599929094314575e-01
2.004500031471252441e-01 -2.261999994516372681e-02 2.297000028192996979e-02
4.352999851107597351e-02 -7.807999849319458008e-02 -8.990000002086162567e-03
-8.720999956130981445e-02 -4.400000034365803003e-04 -0.000000000000000000e+00
-2.682000026106834412e-02 -6.111999973654747009e-02 -1.328900009393692017e-01
-3.310000058263540268e-03 -4.904000088572502136e-02 3.361499905586242676e-01
2.118699997663497925e-01 -6.027000024914741516e-02 -3.266000002622604370e-02
1.286000013351440430e-02 -7.049000263214111328e-02 -3.412999957799911499e-02
1.845999993383884430e-02 -5.144000053405761719e-02 3.404000103473663330e-01
-1.372999977320432663e-02 -5.954999849200248718e-02 -2.079699933528900146e-01
-4.682999849319458008e-02 -6.420999765396118164e-02 -6.937000155448913574e-02
4.211999848484992981e-02 -6.526000052690505981e-02 1.307799965143203735e-01
-1.040399968624114990e-01 -3.350000083446502686e-02 -6.659000366926193237e-02
2.540400028228759766e-01 -4.481000080704689026e-02 -3.116999939084053040e-02
8.008000254631042480e-02 -7.807999849319458008e-02 8.369999937713146210e-03
-4.230999946594238281e-02 -2.661000005900859833e-02 -4.349999874830245972e-02
-1.734999939799308777e-02 -6.182000041007995605e-02 -1.735499948263168335e-01
-6.609000265598297119e-02 -5.093000084161758423e-02 -6.385000050067901611e-02
-2.387999929487705231e-02 -6.609000265598297119e-02 4.301000013947486877e-02
-9.711000323295593262e-02 -3.221999853849411011e-02 2.799000032246112823e-02
-1.518999971449375153e-02 -6.644999980926513672e-02 6.662999838590621948e-02
-2.559700012207031250e-01 2.137999981641769409e-02 9.522999823093414307e-02
-4.131999984383583069e-02 -4.293999820947647095e-02 6.334000080823898315e-02
2.654899954795837402e-01 -3.963999822735786438e-02 -2.315999940037727356e-02
1.630000025033950806e-02 -2.514999918639659882e-02 2.972999960184097290e-02
-2.152599990367889404e-01 1.207999978214502335e-02 -0.000000000000000000e+00
-2.666899859905242920e-01 1.350000035017728806e-02 5.332000181078910828e-02
-7.002999633550643921e-02 -2.065999992191791534e-02 4.969999939203262329e-02
-2.815600037574768066e-01 1.029800027608871460e-01 1.169999944977462292e-03
-2.567499876022338867e-01 1.541000045835971832e-02 -7.345999777317047119e-02
-2.580800056457519531e-01 2.631000056862831116e-02 -1.310199946165084839e-01
-2.778100073337554932e-01 4.323000088334083557e-02 -0.000000000000000000e+00
-2.404599934816360474e-01 5.179999861866235733e-03 -0.000000000000000000e+00
-2.577899992465972900e-01 3.432000055909156799e-02 -0.000000000000000000e+00
-2.120199948549270630e-01 -1.276999991387128830e-02 -0.000000000000000000e+00
2.719999989494681358e-03 -9.317000210285186768e-02 1.079699993133544922e-01
-1.104999985545873642e-02 -5.823000147938728333e-02 -2.281299978494644165e-01
-2.091300040483474731e-01 -1.645000092685222626e-02 6.800000090152025223e-03
-2.901799976825714111e-01 6.384000182151794434e-02 -1.129999989643692970e-03
-2.218000032007694244e-02 -5.959000065922737122e-02 1.561000049114227295e-01
-7.706999778747558594e-02 -1.669000089168548584e-02 2.191999927163124084e-02
1.970000099390745163e-03 -6.722000241279602051e-02 -1.041200011968612671e-01
5.939999967813491821e-02 -5.990000069141387939e-02 6.171000003814697266e-02
-8.391000330448150635e-02 -1.532999984920024872e-02 6.841000169515609741e-02
-2.808200120925903320e-01 2.345000021159648895e-02 -7.800000021234154701e-04
-1.013799980282783508e-01 -2.806999906897544861e-02 -4.927000030875205994e-02
-2.435999959707260132e-01 2.528999932110309601e-02 -1.170699968934059143e-01
3.661999851465225220e-02 -6.599999964237213135e-02 1.243999972939491272e-01
-2.814999967813491821e-02 -6.075999885797500610e-02 -4.030999913811683655e-02
3.903999924659729004e-02 -5.728999897837638855e-02 -1.743600070476531982e-01
-4.733999818563461304e-02 -4.081000015139579773e-02 6.588000059127807617e-02
2.523500025272369385e-01 -5.844999849796295166e-02 3.095999918878078461e-02
-2.326299995183944702e-01 1.341999974101781845e-02 -4.623999819159507751e-02
-2.425000071525573730e-01 2.060000039637088776e-02 -8.912999927997589111e-02
-2.119000069797039032e-02 -5.827999860048294067e-02 -1.858900040388107300e-01
-2.331099957227706909e-01 2.057999931275844574e-02 9.234999865293502808e-02
-2.495000064373016357e-01 -1.909000054001808167e-02 -4.530000034719705582e-03
-1.573899984359741211e-01 -4.101999849081039429e-02 1.961999945342540741e-02
2.442999929189682007e-02 -6.859999895095825195e-02 -4.661000147461891174e-02
-2.700000107288360596e-01 4.120000172406435013e-03 -5.729999858886003494e-03
9.538999944925308228e-02 -9.420000016689300537e-03 1.284999959170818329e-02
7.346999645233154297e-02 -1.460999995470046997e-02 2.212000079452991486e-02
-9.957999736070632935e-02 -2.208999916911125183e-02 -5.166000127792358398e-02
2.864000014960765839e-02 -6.860999763011932373e-02 -8.556000143289566040e-02
2.202999964356422424e-02 -5.415999889373779297e-02 3.013400137424468994e-01
-3.359999973326921463e-03 -9.166999906301498413e-02 -1.078300029039382935e-01
-4.408999904990196228e-02 -1.465000025928020477e-02 6.041999906301498413e-02
-8.295000344514846802e-02 -4.876000061631202698e-02 -6.620000302791595459e-02
2.886999957263469696e-02 -5.186999961733818054e-02 2.648299932479858398e-01
2.085999995470046997e-01 -2.257999964058399200e-02 2.005999907851219177e-02
-2.053499966859817505e-01 -4.239999875426292419e-02 -2.099999983329325914e-04
-1.871500015258789062e-01 -1.473999954760074615e-02 6.049999967217445374e-03
-3.231999874114990234e-01 9.584999829530715942e-02 1.800000027287751436e-04
-3.162999823689460754e-02 -1.899000070989131927e-02 -7.271999865770339966e-02
-2.794899940490722656e-01 6.578999757766723633e-02 -1.129999989643692970e-03
2.791300117969512939e-01 -3.881999850273132324e-02 4.509999882429838181e-03
4.901000112295150757e-02 -5.981000140309333801e-02 -8.337000012397766113e-02
1.290799975395202637e-01 -7.460000365972518921e-02 1.961000077426433563e-02
1.419399976730346680e-01 -7.727000117301940918e-02 1.319999992847442627e-02
-1.738200038671493530e-01 -2.655000053346157074e-02 1.645000092685222626e-02
-1.024700030684471130e-01 -2.638999931514263153e-02 4.758999869227409363e-02
-2.561599910259246826e-01 2.511999942362308502e-02 1.246799975633621216e-01
-1.489000022411346436e-02 -6.351999938488006592e-02 -1.491699963808059692e-01
-2.885900139808654785e-01 4.944999888539314270e-02 -9.399999980814754963e-04
-1.196599975228309631e-01 -1.679000072181224823e-02 1.724000088870525360e-02
-1.372500061988830566e-01 -5.736999958753585815e-02 1.060000038705766201e-03
1.805000007152557373e-01 -6.598000228404998779e-02 3.027000091969966888e-02
9.960000403225421906e-03 -6.780999898910522461e-02 6.966999918222427368e-02
-5.905999988317489624e-02 -1.250999979674816132e-02 -6.372000277042388916e-02
9.424000233411788940e-02 -2.273000031709671021e-02 2.814999967813491821e-02
5.011999979615211487e-02 -7.317999750375747681e-02 2.315999940037727356e-02
-1.478299945592880249e-01 -2.205000072717666626e-02 1.789000071585178375e-02
5.260999873280525208e-02 -9.750000201165676117e-03 -1.384999975562095642e-02
-2.435000054538249969e-02 -6.402000039815902710e-02 -1.303499937057495117e-01
-2.379699945449829102e-01 1.670000026933848858e-03 2.180000068619847298e-03
-2.483199983835220337e-01 4.829999990761280060e-03 1.730000018142163754e-03
-1.397300064563751221e-01 -5.513999983668327332e-02 -1.152999978512525558e-02
-1.220799982547760010e-01 -5.944000184535980225e-02 -1.147999987006187439e-02
4.220000002533197403e-03 -5.770999938249588013e-02 2.504900097846984863e-01
6.949999835342168808e-03 -5.987000092864036560e-02 2.237399965524673462e-01
-2.253199964761734009e-01 -3.269999986514449120e-03 -2.709999913349747658e-03
-1.684000045061111450e-01 1.284999959170818329e-02 5.399999790824949741e-04
1.940599977970123291e-01 -7.807999849319458008e-02 7.379999849945306778e-03
-1.376699954271316528e-01 -2.814999967813491821e-02 -3.962000086903572083e-02
6.577999889850616455e-02 -6.353999674320220947e-02 -6.988000124692916870e-02
-1.537999976426362991e-02 -1.515999995172023773e-02 2.235000021755695343e-02
-3.269700109958648682e-01 1.006200015544891357e-01 -0.000000000000000000e+00
-1.256899982690811157e-01 -2.965000085532665253e-02 -7.436999678611755371e-02
-8.697000145912170410e-02 -1.923999935388565063e-02 7.484000176191329956e-02
-6.202999874949455261e-02 -6.411000341176986694e-02 3.364999964833259583e-02
-2.906799912452697754e-01 9.763000160455703735e-02 -0.000000000000000000e+00
-4.222000017762184143e-02 -6.117000058293342590e-02 3.486000001430511475e-02
2.864699959754943848e-01 -7.072000205516815186e-02 -1.840999908745288849e-02
-2.637900114059448242e-01 3.749999916180968285e-03 -1.066999975591897964e-02
3.070000093430280685e-03 -7.846000045537948608e-02 -1.007200032472610474e-01
1.178999990224838257e-02 -5.962000042200088501e-02 -2.313400059938430786e-01
1.109000016003847122e-02 -5.883999913930892944e-02 -2.413900047540664673e-01
-2.500700056552886963e-01 7.880000397562980652e-03 3.228000178933143616e-02
-2.562499940395355225e-01 5.129999946802854538e-03 1.886999979615211487e-02
4.915999993681907654e-02 -7.558999955654144287e-02 -1.723000034689903259e-02
-1.913999952375888824e-02 -5.486999824643135071e-02 2.546899914741516113e-01
-1.998000033199787140e-02 -5.677999928593635559e-02 2.153200060129165649e-01
-1.549000013619661331e-02 -7.671000063419342041e-02 -3.130000084638595581e-03
-3.120000008493661880e-03 -3.092000074684619904e-02 -3.164000064134597778e-02
-4.882999882102012634e-02 -1.583000086247920990e-02 -7.092999666929244995e-02
-1.870000036433339119e-03 -4.820000007748603821e-02 3.545500040054321289e-01
-3.511000052094459534e-02 -7.283999770879745483e-02 -1.673999987542629242e-02
2.499999944120645523e-03 -6.741999834775924683e-02 6.871999800205230713e-02
-2.620599865913391113e-01 1.002999953925609589e-02 -2.844999916851520538e-02
1.838999986648559570e-02 -1.147000025957822800e-02 1.858000084757804871e-02
2.677299976348876953e-01 -3.737000003457069397e-02 9.879999794065952301e-03
3.112000040709972382e-02 -5.903999879956245422e-02 1.118900030851364136e-01
-2.530899941921234131e-01 7.445999979972839355e-02 2.899999963119626045e-04
2.220499962568283081e-01 -2.871000021696090698e-02 1.714999973773956299e-02
-4.436999931931495667e-02 -6.611000001430511475e-02 3.426999971270561218e-02
-1.541000045835971832e-02 -6.069999933242797852e-02 -4.479999840259552002e-02
7.410000078380107880e-03 -5.922000110149383545e-02 -7.017999887466430664e-02
2.466999925673007965e-02 -5.476000159978866577e-02 -2.026499956846237183e-01
1.978999935090541840e-02 -5.023999884724617004e-02 -2.836099863052368164e-01
-2.814100086688995361e-01 -7.910000160336494446e-03 1.699999993434175849e-04
-6.950999796390533447e-02 -3.773999959230422974e-02 -3.303999826312065125e-02
7.346999645233154297e-02 -5.316000059247016907e-02 3.378999978303909302e-02
-2.480999939143657684e-02 -6.137999892234802246e-02 4.732999950647354126e-02
2.018699944019317627e-01 -1.253999955952167511e-02 5.700000096112489700e-03
-1.370099931955337524e-01 -2.191000059247016907e-02 1.902000047266483307e-02
1.858999952673912048e-02 -5.855999886989593506e-02 4.613000154495239258e-02
-1.393999997526407242e-02 -6.061000004410743713e-02 4.340999945998191833e-02
1.224000006914138794e-02 -5.892999842762947083e-02 6.419999897480010986e-02
1.456000003963708878e-02 -5.767999961972236633e-02 -2.589299976825714111e-01
2.043999917805194855e-02 -5.945000052452087402e-02 -2.302899956703186035e-01
3.005000017583370209e-02 -6.120999902486801147e-02 -1.989700049161911011e-01
3.237999975681304932e-02 -8.089999668300151825e-03 -5.319999996572732925e-03
-1.205300018191337585e-01 -1.703000068664550781e-02 -1.741000078618526459e-02
3.089100122451782227e-01 -4.623999819159507751e-02 1.308999955654144287e-02
-2.129999920725822449e-03 -7.180000096559524536e-02 2.734999917447566986e-02
3.248099982738494873e-01 -6.212000176310539246e-02 7.459999993443489075e-03
-2.963699996471405029e-01 2.503000013530254364e-02 -0.000000000000000000e+00
2.402900010347366333e-01 -3.536999970674514771e-02 -2.008000016212463379e-02
1.814199984073638916e-01 -2.720000036060810089e-02 -3.061000071465969086e-02
-2.517699897289276123e-01 1.920000091195106506e-02 -9.320999681949615479e-02
1.125499978661537170e-01 -6.970000267028808594e-02 -2.868999913334846497e-02
-6.013000011444091797e-02 -2.085999958217144012e-02 -2.611000090837478638e-02
-5.056000128388404846e-02 -2.192999981343746185e-02 -7.720000296831130981e-02
-5.361999943852424622e-02 -1.709000021219253540e-02 7.462999969720840454e-02
-1.235000044107437134e-02 -6.086999922990798950e-02 -1.031899973750114441e-01
-1.847900003194808960e-01 -3.155000135302543640e-02 1.535000000149011612e-02
2.894000113010406494e-01 -7.655999809503555298e-02 2.020000014454126358e-03
8.546999841928482056e-02 -1.510000042617321014e-02 -2.267000079154968262e-02
2.651900053024291992e-01 -5.906999856233596802e-02 -2.999999932944774628e-02
-8.737999945878982544e-02 -4.695000126957893372e-02 6.785999983549118042e-02
1.450600028038024902e-01 -8.059999905526638031e-03 4.900000058114528656e-03
5.452999845147132874e-02 -6.827999651432037354e-02 -4.932000115513801575e-02
2.043599933385848999e-01 -2.991000004112720490e-02 2.778000012040138245e-02
1.389000006020069122e-02 -5.488000065088272095e-02 1.826499998569488525e-01
2.611000090837478638e-02 -5.812000110745429993e-02 1.246699988842010498e-01
-9.647999703884124756e-02 -5.508999899029731750e-02 2.662999927997589111e-02
6.341999769210815430e-02 -1.453999988734722137e-02 -2.204000018537044525e-02
-2.496999949216842651e-01 -2.189999911934137344e-03 -0.000000000000000000e+00
-2.548600137233734131e-01 6.276000291109085083e-02 -0.000000000000000000e+00
-2.660000026226043701e-01 2.105000056326389313e-02 -0.000000000000000000e+00
-2.332099974155426025e-01 4.622999951243400574e-02 1.069999998435378075e-03
3.479000180959701538e-02 -5.725000053644180298e-02 -1.664299964904785156e-01
3.547000139951705933e-02 -5.747999995946884155e-02 -1.620299965143203735e-01
-1.134800016880035400e-01 -2.724000066518783569e-02 -5.108999833464622498e-02
-1.468400061130523682e-01 -5.919999908655881882e-03 -0.000000000000000000e+00
-4.470000043511390686e-02 -6.190000101923942566e-03 -1.000000047497451305e-03
-1.850000023841857910e-02 -5.454000085592269897e-02 -2.670100033283233643e-01
-2.051900029182434082e-01 -2.740000002086162567e-02 1.210999954491853714e-02
9.861999750137329102e-02 -7.671999931335449219e-02 -1.451999973505735397e-02
1.863300055265426636e-01 -7.749000191688537598e-02 -1.267999969422817230e-02
2.958000078797340393e-02 -6.357999891042709351e-02 1.657200008630752563e-01
-1.127000004053115845e-01 -2.710999920964241028e-02 2.452000044286251068e-02
2.212900072336196899e-01 -2.507000043988227844e-02 -4.490000195801258087e-03
3.313999995589256287e-02 -5.155000090599060059e-02 -3.096399903297424316e-01
-1.663099974393844604e-01 -4.610000178217887878e-03 -0.000000000000000000e+00
-2.340099960565567017e-01 1.806000061333179474e-02 8.331999927759170532e-02
2.962999939918518066e-01 -7.174000144004821777e-02 -1.398999989032745361e-02
-1.107800006866455078e-01 -2.663999982178211212e-02 3.664999827742576599e-02
-1.018199995160102844e-01 -3.734000027179718018e-02 -7.396999746561050415e-02
3.062500059604644775e-01 -6.790000200271606445e-02 -1.590000092983245850e-02
-1.942999958992004395e-01 -1.420999970287084579e-02 -8.299999753944575787e-04
-2.580999955534934998e-02 -5.776000022888183594e-02 3.282999992370605469e-02
2.991499900817871094e-01 -7.035999745130538940e-02 1.520000025629997253e-02
-1.466600000858306885e-01 1.769999973475933075e-03 1.769999973475933075e-03
-3.031999990344047546e-02 -6.830000132322311401e-02 3.144000098109245300e-02
-2.702800035476684570e-01 2.074000053107738495e-02 -9.739000350236892700e-02
2.439000084996223450e-02 -6.296999752521514893e-02 -1.789200007915496826e-01
-2.769999904558062553e-03 -6.492000073194503784e-02 -1.394100040197372437e-01
3.319999901577830315e-03 -4.865999892354011536e-02 3.234600126743316650e-01
5.432000011205673218e-02 -1.468999963253736496e-02 2.219999954104423523e-02
1.428599953651428223e-01 -3.685000166296958923e-02 3.319000080227851868e-02
-8.557999879121780396e-02 -2.738999947905540466e-02 -2.810000069439411163e-02
1.069999998435378075e-03 -5.967000126838684082e-02 8.519999682903289795e-02
-1.689999923110008240e-02 -6.115999817848205566e-02 9.600999951362609863e-02
-2.508400082588195801e-01 1.212000008672475815e-02 1.689999946393072605e-03
-1.429999945685267448e-03 -5.349000170826911926e-02 3.012500107288360596e-01
1.829999964684247971e-03 -7.807999849319458008e-02 1.107999961823225021e-02
9.481000155210494995e-02 -6.954000145196914673e-02 -2.875999920070171356e-02
1.097000017762184143e-02 -9.691999852657318115e-02 -1.029900014400482178e-01
1.035099998116493225e-01 -7.058999687433242798e-02 2.831000089645385742e-02
2.201000042259693146e-02 -5.319000035524368286e-02 -3.145299851894378662e-01
2.411999925971031189e-02 -5.426999926567077637e-02 -2.981899976730346680e-01
-1.997299939393997192e-01 -1.530000008642673492e-02 -5.770000163465738297e-03
-1.470000017434358597e-03 -9.922999888658523560e-02 -9.508000314235687256e-02
-2.228700071573257446e-01 9.569999761879444122e-03 3.403000161051750183e-02
-2.341900020837783813e-01 4.219999909400939941e-02 -1.589999999850988388e-03
-1.523399949073791504e-01 5.150000099092721939e-03 -0.000000000000000000e+00
-1.211199983954429626e-01 -2.415999956429004669e-02 -5.452999845147132874e-02
-2.715800106525421143e-01 -1.689000055193901062e-02 -0.000000000000000000e+00
-2.354899942874908447e-01 2.714000083506107330e-02 -0.000000000000000000e+00
-2.665899991989135742e-01 4.706000164151191711e-02 -0.000000000000000000e+00
-2.273599952459335327e-01 -8.899999782443046570e-03 -0.000000000000000000e+00
-2.639800012111663818e-01 7.546000182628631592e-02 1.700000022538006306e-03
-3.753999993205070496e-02 -6.212000176310539246e-02 4.131999984383583069e-02
1.574099957942962646e-01 -5.474000051617622375e-02 -3.378999978303909302e-02
-3.659999929368495941e-03 -6.270000338554382324e-02 -1.745499968528747559e-01
-1.489000022411346436e-02 -5.643000081181526184e-02 2.092600017786026001e-01
-2.626900076866149902e-01 2.635000087320804596e-02 1.269800066947937012e-01
-3.003399968147277832e-01 3.915999829769134521e-02 1.699999993434175849e-04
-6.407999992370605469e-02 -7.278999686241149902e-02 -1.054000016301870346e-02
1.991399973630905151e-01 -1.104999985545873642e-02 1.350000035017728806e-03
-2.970499992370605469e-01 6.589999794960021973e-02 -0.000000000000000000e+00
3.130000084638595581e-02 -6.891000270843505859e-02 7.354000210762023926e-02
3.759999945759773254e-02 -6.927999854087829590e-02 5.057999864220619202e-02
7.700999826192855835e-02 -7.504999637603759766e-02 1.854000054299831390e-02
5.631000176072120667e-02 -6.725999712944030762e-02 6.968999654054641724e-02
2.364400029182434082e-01 -3.448000177741050720e-02 1.757000014185905457e-02
-2.664200067520141602e-01 1.185999996960163116e-02 -5.192999914288520813e-02
5.542999878525733948e-02 -5.754999816417694092e-02 -4.091000184416770935e-02
2.680999971926212311e-02 -5.084000155329704285e-02 3.412399888038635254e-01
-9.122999757528305054e-02 -2.606000006198883057e-02 -7.701999694108963013e-02
1.522800028324127197e-01 -6.054000183939933777e-02 -3.259000182151794434e-02
-2.301999926567077637e-01 1.209000032395124435e-02 -5.011000111699104309e-02
1.601299941539764404e-01 -4.326000064611434937e-02 3.378999978303909302e-02
-1.357399970293045044e-01 -2.958000078797340393e-02 4.024000093340873718e-02
1.775600016117095947e-01 -4.922999814152717590e-02 3.378999978303909302e-02
1.644500046968460083e-01 -7.631000131368637085e-02 1.549999974668025970e-02
1.932300031185150146e-01 -7.445999979972839355e-02 1.995000056922435760e-02
1.911299973726272583e-01 -4.188999906182289124e-02 -3.378999978303909302e-02
-4.733999818563461304e-02 -2.222000062465667725e-02 5.510000139474868774e-02
-7.819999940693378448e-03 -5.810999870300292969e-02 -2.336599975824356079e-01
-3.562000021338462830e-02 -1.649999991059303284e-02 -2.339000068604946136e-02
2.794800102710723877e-01 -7.728999853134155273e-02 -1.679999986663460732e-03
1.550000044517219067e-03 -5.434999987483024597e-02 -2.156600058078765869e-01
-1.249999972060322762e-03 -5.350000038743019104e-02 -2.379599958658218384e-01
4.385999962687492371e-02 -1.982999965548515320e-02 2.625999972224235535e-02
-2.512399852275848389e-01 1.960000023245811462e-02 -8.372999727725982666e-02
-2.545900046825408936e-01 1.805000007152557373e-02 -7.485999912023544312e-02
-1.049700006842613220e-01 -1.553000044077634811e-02 6.188999861478805542e-02
2.104900032281875610e-01 -4.760000109672546387e-02 -3.378999978303909302e-02
-7.531999796628952026e-02 -6.524000316858291626e-02 2.470000088214874268e-02
-1.088000014424324036e-01 -6.193999946117401123e-02 1.317999977618455887e-02
-1.018600016832351685e-01 -6.425999850034713745e-02 1.164999976754188538e-02
2.524699866771697998e-01 -7.761000096797943115e-02 1.037999987602233887e-02
-5.082999914884567261e-02 -4.473000019788742065e-02 7.327000051736831665e-02
-1.513999979943037033e-02 -3.259000182151794434e-02 -3.203999996185302734e-02
-1.714999973773956299e-02 -6.081999838352203369e-02 -5.463000014424324036e-02
1.095599979162216187e-01 -6.449999660253524780e-02 3.091000020503997803e-02
2.400000113993883133e-03 -5.716000124812126160e-02 3.768000006675720215e-02
1.905599981546401978e-01 -7.807999849319458008e-02 -2.709999913349747658e-03
4.665999859571456909e-02 -1.087999995797872543e-02 -1.724999956786632538e-02
-4.771000146865844727e-02 -3.288999944925308228e-02 -4.851000010967254639e-02
4.301999881863594055e-02 -5.710000172257423401e-02 4.515999928116798401e-02
-2.229499965906143188e-01 -3.470000112429261208e-03 -0.000000000000000000e+00
-2.471400052309036255e-01 4.264999926090240479e-02 -0.000000000000000000e+00
-2.664799988269805908e-01 6.785000115633010864e-02 -0.000000000000000000e+00
2.185999974608421326e-02 -5.283999815583229065e-02 -2.357700020074844360e-01
1.834999956190586090e-02 -5.141000077128410339e-02 -2.581200003623962402e-01
-7.981000095605850220e-02 -7.000999897718429565e-02 1.008999999612569809e-02
-3.213999867439270020e-01 8.208999782800674438e-02 -0.000000000000000000e+00
2.633000016212463379e-01 -6.914000213146209717e-02 2.627000026404857635e-02
-1.075000036507844925e-02 -6.542000174522399902e-02 1.229799985885620117e-01
-3.689999924972653389e-03 -6.697999686002731323e-02 -8.951000124216079712e-02
-2.642700076103210449e-01 1.962999999523162842e-02 8.889999985694885254e-02
-5.080000031739473343e-03 -5.352000147104263306e-02 2.963399887084960938e-01
-5.700000096112489700e-03 -5.677000060677528381e-02 2.536500096321105957e-01
3.319999901577830315e-03 -7.675000280141830444e-02 1.444999966770410538e-02
2.946400046348571777e-01 -7.618000358343124390e-02 5.330000072717666626e-03
-2.615500092506408691e-01 6.469999905675649643e-03 2.593000046908855438e-02
1.279999967664480209e-03 -4.833000153303146362e-02 3.375900089740753174e-01
2.166099995374679565e-01 -7.807999849319458008e-02 -1.649999991059303284e-03
-2.968000061810016632e-02 -3.027000091969966888e-02 -7.376000285148620605e-02
-2.494399994611740112e-01 1.331999991089105606e-02 -6.167000159621238708e-02
-1.274999976158142090e-02 -6.666000187397003174e-02 4.930999875068664551e-02
-2.706600129604339600e-01 -1.981000043451786041e-02 1.679999986663460732e-03
1.412000041455030441e-02 -6.720999628305435181e-02 1.175199970602989197e-01
-2.261900007724761963e-01 1.370000001043081284e-02 -2.829999895766377449e-03
-4.616999998688697815e-02 -6.391999870538711548e-02 -8.212999999523162842e-02
-1.214900016784667969e-01 -2.728999964892864227e-02 3.954999893903732300e-02
3.220000071451067924e-03 -5.945999920368194580e-02 -4.205000028014183044e-02
-1.221399977803230286e-01 -1.355999987572431564e-02 1.267000008374452591e-02
-6.347999721765518188e-02 -3.610000014305114746e-02 4.802000150084495544e-02
2.156900018453598022e-01 -3.857000172138214111e-02 -3.141000121831893921e-02
-4.606999829411506653e-02 -6.369999796152114868e-02 6.955999881029129028e-02
3.013000078499317169e-02 -5.073999986052513123e-02 2.865000069141387939e-01
-3.166000172495841980e-02 -6.255000084638595581e-02 9.138999879360198975e-02
-2.985799908638000488e-01 8.656000345945358276e-02 -0.000000000000000000e+00
-7.582999765872955322e-02 -4.808999970555305481e-02 -3.268999978899955750e-02
6.990000139921903610e-03 -6.190000101923942566e-02 -1.961400061845779419e-01
6.229999940842390060e-03 -6.046999990940093994e-02 -2.149399966001510620e-01
4.379000142216682434e-02 -5.948999896645545959e-02 -1.782799959182739258e-01
3.091000020503997803e-02 -7.354000210762023926e-02 2.260000072419643402e-02
-1.995300054550170898e-01 -2.300000051036477089e-03 -2.499999944120645523e-03
-1.802899986505508423e-01 -1.283999998122453690e-02 -3.470000112429261208e-03
2.457999996840953827e-02 -4.712999984622001648e-02 -3.567200005054473877e-01
1.228999998420476913e-02 -5.107000097632408142e-02 3.378999978303909302e-02
-2.288999967277050018e-02 -6.565000116825103760e-02 1.031600013375282288e-01
3.689000010490417480e-02 -1.467000041157007217e-02 -2.218000032007694244e-02
-1.087400019168853760e-01 -1.837999932467937469e-02 5.689999833703041077e-02
2.052000015974044800e-01 -1.758000068366527557e-02 1.496999990195035934e-02
-1.270000007934868336e-03 -1.899999938905239105e-02 2.569000050425529480e-02
-6.336999684572219849e-02 -6.362000107765197754e-02 -3.068000078201293945e-02
-2.570199966430664062e-01 1.365000009536743164e-02 4.857999831438064575e-02
-8.650000207126140594e-03 -5.756000056862831116e-02 -1.698900014162063599e-01
-8.814000338315963745e-02 -4.346000030636787415e-02 5.564999952912330627e-02
1.094000041484832764e-02 -6.471999734640121460e-02 -1.564600020647048950e-01
1.138000003993511200e-02 -6.718000024557113647e-02 -1.153500005602836609e-01
-1.464399993419647217e-01 -5.534999817609786987e-02 -3.789999987930059433e-03
-8.884000033140182495e-02 -4.974000155925750732e-02 -3.053000010550022125e-02
2.600000007078051567e-04 -5.553999915719032288e-02 -2.765499949455261230e-01
-9.363000094890594482e-02 -2.388999983668327332e-02 5.031000077724456787e-02
1.958999969065189362e-02 -4.848000034689903259e-02 -3.165999948978424072e-01
-2.673099935054779053e-01 2.091999910771846771e-02 9.741999953985214233e-02
8.290000259876251221e-03 -6.768999993801116943e-02 8.930999785661697388e-02
-1.168700009584426880e-01 -3.123000077903270721e-02 -7.875999808311462402e-02
-1.040399968624114990e-01 -1.936000026762485504e-02 -6.159000098705291748e-02
-1.079199984669685364e-01 -1.707999967038631439e-02 -6.706999987363815308e-02
2.006999962031841278e-02 -4.978999868035316467e-02 2.929199934005737305e-01
1.656100004911422729e-01 -5.068000033497810364e-02 3.378999978303909302e-02
-1.143999956548213959e-02 -5.806000158190727234e-02 -1.647199988365173340e-01
