3.361000120639801025e-02 -3.353000059723854065e-02 1.464000046253204346e-01
2.817899882793426514e-01 -3.858999907970428467e-02 -2.742999978363513947e-02
2.739999908953905106e-03 -9.574999660253524780e-02 4.901999980211257935e-02
4.949999973177909851e-03 -4.896999895572662354e-02 -1.912000030279159546e-02
7.209999952465295792e-03 -4.560999944806098938e-02 2.799000032246112823e-02
2.741900086402893066e-01 -4.730999842286109924e-02 2.615999989211559296e-02
-2.675000131130218506e-01 -3.708999976515769958e-02 -1.491000037640333176e-02
-1.733000017702579498e-02 -5.477000027894973755e-02 6.759999692440032959e-02
2.002999931573867798e-02 -6.394000351428985596e-02 -5.421999841928482056e-02
3.311000019311904907e-02 -3.562000021338462830e-02 -1.211299970746040344e-01
-3.591000139713287354e-01 -1.308999955654144287e-02 -5.903999879956245422e-02
-1.892000064253807068e-02 -9.200000204145908356e-03 -1.565000042319297791e-02
-2.254999987781047821e-02 -4.117999970912933350e-02 -1.135699972510337830e-01
2.294999919831752777e-02 -4.769000038504600525e-02 -4.125000163912773132e-02
-5.217000097036361694e-02 -4.021999984979629517e-02 -1.415800005197525024e-01
2.824099957942962646e-01 -9.879999794065952301e-03 -1.353999972343444824e-02
3.372699916362762451e-01 -5.045000091195106506e-02 -1.690999977290630341e-02
-2.924900054931640625e-01 -1.913000084459781647e-02 -2.151999995112419128e-02
-2.087000012397766113e-02 -3.571999818086624146e-02 -2.968999929726123810e-02
4.707000032067298889e-02 -4.069000110030174255e-02 -7.440999895334243774e-02
-7.462000101804733276e-02 -2.263999916613101959e-02 -2.585499882698059082e-01
7.022999972105026245e-02 -6.325999647378921509e-02 1.066299974918365479e-01
1.169700026512145996e-01 -5.784000083804130554e-02 4.199000075459480286e-02
-1.610000035725533962e-03 -1.012500002980232239e-01 4.552999883890151978e-02
2.312400043010711670e-01 -6.409999728202819824e-02 -1.212000008672475815e-02
9.391999989748001099e-02 -5.446999892592430115e-02 -6.582000106573104858e-02
9.020999819040298462e-02 -5.581000074744224548e-02 1.107399985194206238e-01
-6.194999814033508301e-02 -2.191000059247016907e-02 -2.626599967479705811e-01
3.215000033378601074e-02 -9.226000308990478516e-02 5.186999961733818054e-02
-3.492799997329711914e-01 -1.400000043213367462e-02 5.660000070929527283e-02
-7.283999770879745483e-02 -3.675999864935874939e-02 -1.436399966478347778e-01
3.265000134706497192e-02 -4.723000153899192810e-02 -8.299999870359897614e-03
-7.548999786376953125e-02 -4.936999827623367310e-02 2.651000022888183594e-02
4.465999826788902283e-02 -6.392999738454818726e-02 2.272100001573562622e-01
-2.782500088214874268e-01 4.275000095367431641e-02 4.139999859035015106e-03
-9.269999712705612183e-02 -1.721999980509281158e-02 -2.366000041365623474e-02
-6.896000355482101440e-02 -3.728000074625015259e-02 -1.889500021934509277e-01
6.810999661684036255e-02 -4.168999940156936646e-02 -5.860000103712081909e-02
-1.054999977350234985e-02 -4.151999950408935547e-02 1.660200059413909912e-01
-1.941999979317188263e-02 -5.051000043749809265e-02 1.286999974399805069e-02
4.272999987006187439e-02 -3.838999941945075989e-02 -1.226700022816658020e-01
6.525000184774398804e-02 -2.919000014662742615e-02 -2.886999957263469696e-02
-8.469999767839908600e-03 -5.212000012397766113e-02 3.141000121831893921e-02
3.636299967765808105e-01 -4.134999960660934448e-02 -5.100000184029340744e-03
-3.556799888610839844e-01 -1.149000041186809540e-02 -7.346999645233154297e-02
7.252000272274017334e-02 -5.826999992132186890e-02 -5.711999908089637756e-02
-2.590099871158599854e-01 1.865999959409236908e-02 4.960000049322843552e-03
-6.128999963402748108e-02 -6.106000021100044250e-02 1.711999997496604919e-02
-7.221999764442443848e-02 -6.060000043362379074e-03 9.159999899566173553e-03
1.206400021910667419e-01 -5.993000045418739319e-02 -1.215699985623359680e-01
2.026999928057193756e-02 -8.109000325202941895e-02 5.815000087022781372e-02
-1.203199997544288635e-01 -1.944000087678432465e-02 -3.005700111389160156e-01
1.913000084459781647e-02 -3.950000181794166565e-02 -1.676899939775466919e-01
1.233699992299079895e-01 -4.597000032663345337e-02 -1.487999968230724335e-02
-1.783100068569183350e-01 -6.117000058293342590e-02 -6.370000075548887253e-03
3.816999867558479309e-02 -4.780000075697898865e-03 -3.130000084638595581e-03
-5.457999929785728455e-02 -5.179999861866235733e-03 -5.989999976009130478e-03
-7.400000095367431641e-02 -1.977000012993812561e-02 2.971000075340270996e-01
5.144000053405761719e-02 -7.865999639034271240e-02 -1.181299984455108643e-01
-1.662999950349330902e-02 -5.530999973416328430e-02 -6.464000046253204346e-02
8.693999797105789185e-02 -4.476999863982200623e-02 2.229999937117099762e-02
1.154799982905387878e-01 -6.091000139713287354e-02 2.084000036120414734e-02
7.306999713182449341e-02 -1.375999953597784042e-02 2.115000039339065552e-02
-4.887999966740608215e-02 -2.820999920368194580e-02 2.066700011491775513e-01
-9.131000190973281860e-02 -2.934000082314014435e-02 -2.470699995756149292e-01
9.985999763011932373e-02 -5.020000040531158447e-02 1.197300031781196594e-01
-4.504999890923500061e-02 -2.831000089645385742e-02 -1.448899954557418823e-01
8.883000165224075317e-02 -4.334000125527381897e-02 -2.873999997973442078e-02
-1.680800020694732666e-01 -6.306999921798706055e-02 2.659999998286366463e-03
9.323000162839889526e-02 -4.332000017166137695e-02 2.873999997973442078e-02
1.506599932909011841e-01 -4.307999834418296814e-02 2.876999974250793457e-02
2.415000088512897491e-02 -9.295000135898590088e-02 5.657000094652175903e-02
-1.293900012969970703e-01 -2.173000015318393707e-02 -2.919299900531768799e-01
-1.086999997496604919e-01 -2.242000028491020203e-02 2.663999982178211212e-02
5.311999842524528503e-02 -7.252000272274017334e-02 1.307500004768371582e-01
-7.229000329971313477e-02 -5.830999836325645447e-02 1.854999922215938568e-02
9.120000153779983521e-02 -6.182000041007995605e-02 -4.069999791681766510e-03
1.563999988138675690e-02 -3.874000161886215210e-02 1.729000061750411987e-01
1.810000045225024223e-03 -6.361000239849090576e-02 -2.332999929785728455e-02
-5.787999927997589111e-02 -5.923999845981597900e-02 -2.713000029325485229e-02
7.756999880075454712e-02 -4.885999858379364014e-02 -9.519000351428985596e-02
-2.133799940347671509e-01 -3.937000036239624023e-02 -2.479000017046928406e-02
-2.373100072145462036e-01 -7.029999978840351105e-03 -7.189999800175428391e-03
5.197000131011009216e-02 -5.576999858021736145e-02 1.148599982261657715e-01
-3.853999823331832886e-02 -6.044000014662742615e-02 -2.103600054979324341e-01
-7.744999974966049194e-02 -2.233999967575073242e-02 -2.618300020694732666e-01
-4.228999838232994080e-02 -5.596999824047088623e-02 -2.233700007200241089e-01
1.308099925518035889e-01 -5.880000069737434387e-02 -2.465000003576278687e-02
1.605000048875808716e-01 -4.521999880671501160e-02 -2.813999913632869720e-02
-6.868000328540802002e-02 -2.957000024616718292e-02 2.092999964952468872e-01
1.865000091493129730e-02 -5.226000025868415833e-02 -9.463000297546386719e-02
-2.553999982774257660e-02 -3.231000155210494995e-02 -1.671199947595596313e-01
6.212000176310539246e-02 -5.595000088214874268e-02 6.979999691247940063e-02
6.253000348806381226e-02 -6.341999769210815430e-02 -1.851999945938587189e-02
-3.424200117588043213e-01 -1.001999992877244949e-02 1.820000004954636097e-03
-6.328000128269195557e-02 -2.419999986886978149e-02 2.781099975109100342e-01
-2.851999923586845398e-02 -2.575000002980232239e-02 2.795000001788139343e-02
5.550000071525573730e-02 -3.985000029206275940e-02 -7.863999903202056885e-02
-2.098000049591064453e-02 -4.633000120520591736e-02 -2.265399992465972900e-01
-3.475999832153320312e-02 -4.390000179409980774e-02 -1.097600013017654419e-01
-4.266000166535377502e-02 -1.562999933958053589e-02 2.250999957323074341e-02
3.959000110626220703e-02 -5.090000107884407043e-02 -1.004299968481063843e-01
-4.216999933123588562e-02 -2.700000070035457611e-02 -2.131299972534179688e-01
1.968999952077865601e-02 -6.389000266790390015e-02 2.316399961709976196e-01
-5.933000147342681885e-02 -3.012000024318695068e-02 2.432699948549270630e-01
-2.200000017182901502e-04 -8.648999780416488647e-02 -5.737999826669692993e-02
-1.094200015068054199e-01 -5.847999826073646545e-02 5.340000148862600327e-03
1.170400008559226990e-01 -4.927999898791313171e-02 -5.108999833464622498e-02
1.231300011277198792e-01 -6.888999789953231812e-02 -1.232699975371360779e-01
-1.508999988436698914e-02 -3.395000100135803223e-02 7.839000225067138672e-02
-3.370999991893768311e-01 -1.640000008046627045e-02 -1.996999979019165039e-02
3.663000091910362244e-02 -2.823000028729438782e-02 2.875000052154064178e-02
-2.679999917745590210e-02 -5.048000067472457886e-02 7.184000313282012939e-02
2.868199944496154785e-01 -8.419999852776527405e-03 9.519999846816062927e-03
-3.043200075626373291e-01 1.243000011891126633e-02 -3.329999977722764015e-03
2.816000021994113922e-02 -5.510000139474868774e-02 2.408000081777572632e-02
1.031199991703033447e-01 -6.151999905705451965e-02 1.680999994277954102e-02
4.219000041484832764e-02 -4.766000062227249146e-02 -1.231800019741058350e-01
4.812999814748764038e-02 -3.620000183582305908e-02 -1.337999999523162842e-01
2.397499978542327881e-01 -2.608999982476234436e-02 2.807999961078166962e-02
-8.704999834299087524e-02 -3.427999839186668396e-02 -1.980700045824050903e-01
4.016999900341033936e-02 -5.874999985098838806e-02 -5.930000171065330505e-02
2.478200048208236694e-01 -4.730000160634517670e-03 -2.769999904558062553e-03
1.066600009799003601e-01 -4.809999838471412659e-03 -3.370000049471855164e-03
3.895999863743782043e-02 -4.723000153899192810e-02 -1.208499968051910400e-01
4.101999849081039429e-02 -4.907999932765960693e-02 -1.102200001478195190e-01
-1.109500005841255188e-01 -2.260000072419643402e-02 -2.759599983692169189e-01
3.695999830961227417e-02 -6.256999820470809937e-02 2.310499995946884155e-01
1.842399984598159790e-01 -1.638999953866004944e-02 2.307000011205673218e-02
-2.927000075578689575e-02 -3.633999824523925781e-02 -2.961000055074691772e-02
-4.035000130534172058e-02 -4.888999834656715393e-02 9.517999738454818726e-02
-3.429000079631805420e-02 -3.440000116825103760e-02 1.434900015592575073e-01
5.536999925971031189e-02 -5.672999843955039978e-02 -6.761000305414199829e-02
-3.470099866390228271e-01 -1.071999967098236084e-02 -8.143000304698944092e-02
-2.813099920749664307e-01 1.728999987244606018e-02 -5.450000055134296417e-03
-2.315000072121620178e-02 -6.049000099301338196e-02 -3.421999886631965637e-02
-1.958999969065189362e-02 -4.622999951243400574e-02 7.416000217199325562e-02
-1.818899959325790405e-01 -6.041000038385391235e-02 -7.790000177919864655e-03
-3.430999815464019775e-02 -5.552000179886817932e-02 -2.834000065922737122e-02
3.580900132656097412e-01 -4.583999887108802795e-02 -1.113000046461820602e-02
-3.478200137615203857e-01 -9.789999574422836304e-03 -8.781000226736068726e-02
-1.348999980837106705e-02 -4.281999915838241577e-02 -9.831000119447708130e-02
-2.221399992704391479e-01 7.699999841861426830e-04 -3.689999924972653389e-03
-9.999999747378751636e-06 -3.494000062346458435e-02 -1.368899941444396973e-01
4.174000024795532227e-02 -4.121999815106391907e-02 7.257000356912612915e-02
7.050999999046325684e-02 -5.507000163197517395e-02 -1.230899989604949951e-01
2.994199991226196289e-01 -8.607000112533569336e-02 -9.599999757483601570e-04
1.241699978709220886e-01 -6.881000101566314697e-02 3.490000031888484955e-03
-1.065699979662895203e-01 -3.836999833583831787e-02 1.548999994993209839e-01
3.841000050306320190e-02 -4.645000025629997253e-02 -2.669999934732913971e-02
-8.878999948501586914e-02 -2.445000037550926208e-02 -2.518300116062164307e-01
-2.239000052213668823e-01 -5.960000213235616684e-03 5.220000166445970535e-03
-2.748799920082092285e-01 1.188999973237514496e-02 5.770000163465738297e-03
1.996199935674667358e-01 -6.661000102758407593e-02 3.650000086054205894e-03
4.134999960660934448e-02 -5.214999988675117493e-02 2.241899967193603516e-01
-5.167999863624572754e-02 -3.471999987959861755e-02 -8.737999945878982544e-02
1.030900031328201294e-01 -6.971000134944915771e-02 -1.070099994540214539e-01
-1.821500062942504883e-01 -4.100000113248825073e-02 -2.759999968111515045e-02
2.715100049972534180e-01 -1.073999982327222824e-02 -1.607999950647354126e-02
-4.343000054359436035e-02 -3.844999894499778748e-02 1.875800043344497681e-01
-7.331000268459320068e-02 -3.858000040054321289e-02 -1.726800054311752319e-01
3.406699895858764648e-01 -6.010000035166740417e-02 6.759999785572290421e-03
1.220699995756149292e-01 -5.998999997973442078e-02 -3.184999898076057434e-02
-1.189999980852007866e-03 -6.627999991178512573e-02 -1.941999979317188263e-02
-4.850000143051147461e-02 -6.156999990344047546e-02 -1.838999986648559570e-02
-2.909100055694580078e-01 -2.187000028789043427e-02 4.840000066906213760e-03
-2.861300110816955566e-01 4.259999841451644897e-02 4.379999823868274689e-03
-5.143000185489654541e-02 -2.701999992132186890e-02 -1.459400057792663574e-01
8.241000026464462280e-02 -7.799999788403511047e-03 -1.312999986112117767e-02
-3.316999971866607666e-02 -4.865999892354011536e-02 -1.053600013256072998e-01
3.908000141382217407e-02 -6.486000120639801025e-02 -2.152300029993057251e-01
-7.518000155687332153e-02 -1.307000033557415009e-02 2.041999995708465576e-02
4.372999817132949829e-02 -3.036000020802021027e-02 -2.902000024914741516e-02
-3.387000039219856262e-02 -5.581000074744224548e-02 2.934999950230121613e-02
5.651000142097473145e-02 -4.326999932527542114e-02 -1.221600025892257690e-01
-8.358000218868255615e-02 -4.534000158309936523e-02 8.265999704599380493e-02
-1.563200056552886963e-01 -6.385000050067901611e-02 -4.660000093281269073e-03
-4.777000099420547485e-02 -3.977999836206436157e-02 -9.393999725580215454e-02
-1.252000033855438232e-02 -3.350000083446502686e-02 2.212300002574920654e-01
-2.769999904558062553e-03 -5.014999955892562866e-02 -5.062999948859214783e-02
4.777000099420547485e-02 -4.918000102043151855e-02 1.158099994063377380e-01
6.900000153109431267e-04 -4.969000071287155151e-02 -1.114199981093406677e-01
1.257899999618530273e-01 -4.834000021219253540e-02 2.692000009119510651e-02
-1.159999985247850418e-03 -4.504000023007392883e-02 2.820999920368194580e-02
8.959999680519104004e-02 -4.439999908208847046e-02 2.651000022888183594e-02
-4.050000105053186417e-03 -3.773999959230422974e-02 1.859399974346160889e-01
1.115199998021125793e-01 -5.287000164389610291e-02 5.637000128626823425e-02
2.960000000894069672e-02 -4.421000182628631592e-02 -5.877000093460083008e-02
1.346099972724914551e-01 -3.007999993860721588e-02 2.897999994456768036e-02
-1.803999990224838257e-01 -4.559999797493219376e-03 1.689999946393072605e-03
8.829999715089797974e-03 -4.857999831438064575e-02 1.641000062227249146e-02
2.514999918639659882e-02 -6.983000040054321289e-02 2.222400009632110596e-01
8.226999640464782715e-02 -4.044999927282333374e-02 7.017999887466430664e-02
-7.627999782562255859e-02 -2.208000048995018005e-02 2.634699940681457520e-01
4.580000042915344238e-02 -3.720000013709068298e-02 1.166500002145767212e-01
-1.702699959278106689e-01 -4.399999976158142090e-03 -4.199999966658651829e-04
-5.507000163197517395e-02 -4.194999858736991882e-02 -1.542699933052062988e-01
1.365299969911575317e-01 -6.599999964237213135e-02 -1.465000025928020477e-02
1.100900024175643921e-01 -5.248000100255012512e-02 -5.835000053048133850e-02
-5.713000148534774780e-02 -4.258999973535537720e-02 -1.464699953794479370e-01
-1.276099979877471924e-01 -3.624000027775764465e-02 -2.958999946713447571e-02
-3.218000009655952454e-02 -3.006999939680099487e-02 1.860300004482269287e-01
-2.236000075936317444e-02 -2.985999919474124908e-02 -2.216600030660629272e-01
-7.874000072479248047e-02 -2.851000055670738220e-02 2.551600039005279541e-01
-3.278400003910064697e-01 -1.999999955296516418e-02 5.770000163465738297e-03
-3.136700093746185303e-01 -9.750000201165676117e-03 -5.556999891996383667e-02
-9.183000028133392334e-02 -2.532999962568283081e-02 -2.766300141811370850e-01
8.105000108480453491e-02 -4.521000012755393982e-02 1.709000021219253540e-02
-2.656599879264831543e-01 4.357999935746192932e-02 2.989999949932098389e-03
3.702700138092041016e-01 -4.870000109076499939e-02 -1.939999987371265888e-03
1.331100016832351685e-01 -5.479999817907810211e-03 7.840000092983245850e-03
-4.519999958574771881e-03 -5.976999923586845398e-02 -4.405999928712844849e-02
-1.933999918401241302e-02 -4.379000142216682434e-02 -9.781999886035919189e-02
-1.391700059175491333e-01 -1.142999995499849319e-02 -1.854000054299831390e-02
1.842200011014938354e-01 -5.310000106692314148e-02 2.449000068008899689e-02
1.001000031828880310e-02 -3.081000037491321564e-02 1.829199939966201782e-01
-2.852999977767467499e-02 -6.634999811649322510e-02 5.479999817907810211e-03
-3.169000148773193359e-02 -3.286999836564064026e-02 -2.209299951791763306e-01
2.830300033092498779e-01 -1.155999954789876938e-02 1.563999988138675690e-02
9.990000165998935699e-03 -7.122000306844711304e-02 5.612999945878982544e-02
-6.041999906301498413e-02 -3.181999921798706055e-02 -1.905300021171569824e-01
-2.699199914932250977e-01 -4.461000114679336548e-02 1.990000018849968910e-03
-3.319000005722045898e-01 -7.730000186711549759e-03 7.284999638795852661e-02
-2.692000009119510651e-02 -2.827999927103519440e-02 1.983300000429153442e-01
9.086000174283981323e-02 -6.289999932050704956e-02 -1.064200028777122498e-01
1.539000030606985092e-02 -5.547000095248222351e-02 2.064100056886672974e-01
2.443200051784515381e-01 -4.301000013947486877e-02 -2.878000028431415558e-02
-2.717399895191192627e-01 5.609999969601631165e-02 -2.199999988079071045e-03
-1.100900024175643921e-01 -2.686000056564807892e-02 -2.601900100708007812e-01
-4.129999782890081406e-03 -9.237000346183776855e-02 -4.566000029444694519e-02
4.549000039696693420e-02 -6.492999941110610962e-02 2.141599953174591064e-01
-7.152000069618225098e-02 -4.803999885916709900e-02 -8.471000194549560547e-02
2.261999994516372681e-02 -5.725000053644180298e-02 6.627000123262405396e-02
-1.100799962878227234e-01 -2.823000028729438782e-02 -2.469799965620040894e-01
3.345999866724014282e-02 -4.679999873042106628e-02 -2.005000039935112000e-02
2.709200084209442139e-01 -5.690000019967556000e-03 -3.899999894201755524e-03
-3.250899910926818848e-01 7.705999910831451416e-02 1.419999985955655575e-03
1.060699969530105591e-01 -5.380000174045562744e-02 -6.015000119805335999e-02
-2.869899868965148926e-01 -1.389000006020069122e-02 -2.190000005066394806e-02
5.342999845743179321e-02 -1.382999960333108902e-02 -2.120999991893768311e-02
-1.047599986195564270e-01 -2.363000065088272095e-02 2.711999975144863129e-02
-3.308399915695190430e-01 -1.671000011265277863e-02 -4.089000076055526733e-02
8.423999696969985962e-02 -4.131000116467475891e-02 6.027000024914741516e-02
-7.597000151872634888e-02 -2.958000078797340393e-02 -2.137899994850158691e-01
2.375600039958953857e-01 -3.149000182747840881e-02 2.916000038385391235e-02
1.802999973297119141e-01 -4.997999966144561768e-02 -2.628000080585479736e-02
1.631399989128112793e-01 -5.039000138640403748e-02 -2.611000090837478638e-02
-2.110000001266598701e-03 -3.502000123262405396e-02 1.373299956321716309e-01
2.419400066137313843e-01 -4.715000092983245850e-02 2.738000079989433289e-02
-2.037100046873092651e-01 -5.040000192821025848e-03 2.689999993890523911e-03
2.890799939632415771e-01 -2.916000038385391235e-02 2.620000019669532776e-02
-7.610000204294919968e-03 -4.216999933123588562e-02 -1.615799963474273682e-01
-1.413999963551759720e-02 -7.061000168323516846e-02 -2.192499935626983643e-01
2.609699964523315430e-01 -3.863000124692916870e-02 2.921999990940093994e-02
-1.465000025928020477e-02 -3.616999834775924683e-02 -1.363099962472915649e-01
1.570499986410140991e-01 -3.646000102162361145e-02 -2.960000000894069672e-02
-1.696999929845333099e-02 -3.923000022768974304e-02 2.165399938821792603e-01
-2.183499932289123535e-01 -5.603000149130821228e-02 6.900000153109431267e-04
-7.994999736547470093e-02 -4.746000096201896667e-02 -8.540000021457672119e-02
-4.380000010132789612e-02 -3.409000113606452942e-02 1.647499948740005493e-01
7.851000130176544189e-02 -4.958999902009963989e-02 9.216000139713287354e-02
1.284299939870834351e-01 -5.928000062704086304e-02 2.620000019669532776e-02
1.335300058126449585e-01 -5.613999813795089722e-02 -2.810999937355518341e-02
4.989999812096357346e-03 -7.886999845504760742e-02 -5.852999910712242126e-02
-1.172600015997886658e-01 -6.688000261783599854e-02 -1.700000022538006306e-03
-3.590900003910064697e-01 -8.740000426769256592e-03 -8.032000064849853516e-02
8.529999852180480957e-02 -5.426000058650970459e-02 -2.438000030815601349e-02
-3.807999938726425171e-02 -3.361000120639801025e-02 1.660899966955184937e-01
-3.571999818086624146e-02 -2.567999996244907379e-02 -1.483400017023086548e-01
-2.335000038146972656e-02 -3.864999860525131226e-02 -2.162899971008300781e-01
-3.306599855422973633e-01 -7.129999808967113495e-03 7.711999863386154175e-02
1.203500032424926758e-01 -7.126999646425247192e-02 1.091599985957145691e-01
-3.937999904155731201e-02 -3.010999970138072968e-02 2.162099927663803101e-01
1.324999984353780746e-02 -6.109999958425760269e-03 9.279999881982803345e-03
-3.435100018978118896e-01 -5.950000137090682983e-03 8.810999989509582520e-02
-2.879000082612037659e-02 -3.180000185966491699e-02 -8.429999649524688721e-02
6.080000102519989014e-02 -5.604999884963035583e-02 -6.964000314474105835e-02
-4.754000157117843628e-02 -2.291000075638294220e-02 2.568700015544891357e-01
-3.468300104141235352e-01 -1.233000028878450394e-02 -6.995999813079833984e-02
-1.541000045835971832e-02 -6.188999861478805542e-02 3.243999928236007690e-02
-3.483000025153160095e-02 -6.633000075817108154e-02 2.138800024986267090e-01
2.466999925673007965e-02 -5.758000165224075317e-02 -6.469000130891799927e-02
-3.340600132942199707e-01 -1.063000038266181946e-02 8.059000223875045776e-02
-3.589000180363655090e-02 -4.354000091552734375e-02 -2.230300009250640869e-01
-2.338899970054626465e-01 1.129999989643692970e-03 -5.109999794512987137e-03
-2.738099992275238037e-01 2.933000028133392334e-02 4.910000134259462357e-03
7.519000023603439331e-02 -6.341999769210815430e-02 3.241999819874763489e-02
7.573000341653823853e-02 -7.472000271081924438e-02 1.089800000190734863e-01
-3.479999955743551254e-03 -2.992999926209449768e-02 1.795199960470199585e-01
4.374999925494194031e-02 -5.183999985456466675e-02 -2.163500040769577026e-01
2.495999932289123535e-01 -6.300000008195638657e-03 -9.700000286102294922e-03
-1.899999938905239105e-02 -6.120000034570693970e-03 -9.300000034272670746e-03
1.359699964523315430e-01 -5.702000111341476440e-02 2.164000086486339569e-02
2.701900005340576172e-01 -2.325999923050403595e-02 -2.593999914824962616e-02
-1.369999954476952553e-03 -4.338999837636947632e-02 -2.872999943792819977e-02
-1.006499975919723511e-01 -2.394000068306922913e-02 -2.858999967575073242e-01
-2.882999926805496216e-02 -6.063999980688095093e-02 1.764000020921230316e-02
-3.412300050258636475e-01 -1.570999994874000549e-02 4.625999927520751953e-02
-3.331899940967559814e-01 -6.680000107735395432e-03 -9.481000155210494995e-02
-4.148999974131584167e-02 -3.291999921202659607e-02 -2.934000082314014435e-02
1.036700010299682617e-01 -4.318000003695487976e-02 4.049000144004821777e-02
4.137000069022178650e-02 -1.587999984622001648e-02 -2.270000055432319641e-02
5.696000158786773682e-02 -4.276999831199645996e-02 5.355999991297721863e-02
4.208000004291534424e-02 -3.523999825119972229e-02 1.248100027441978455e-01
8.049999922513961792e-02 -5.547999963164329529e-02 1.113400012254714966e-01
4.261999949812889099e-02 -3.650999814271926880e-02 -1.451900005340576172e-01
-4.778999835252761841e-02 -2.682000026106834412e-02 2.585900127887725830e-01
-4.400000034365803003e-04 -8.039999753236770630e-03 -2.099999983329325914e-04
-1.164000015705823898e-02 -6.080999970436096191e-02 2.051999978721141815e-02
4.900000058114528656e-03 -3.330000117421150208e-02 1.476099938154220581e-01
-1.083400025963783264e-01 -3.773000091314315796e-02 -1.521700024604797363e-01
4.199999943375587463e-02 -5.414000153541564941e-02 1.162900030612945557e-01
1.026199981570243835e-01 -7.739000022411346436e-02 1.268599927425384521e-01
-8.376000076532363892e-02 -5.400000140070915222e-03 7.590000052005052567e-03
-4.470000043511390686e-02 -2.538000047206878662e-02 1.480199992656707764e-01
-1.124299988150596619e-01 -4.538000002503395081e-02 2.807999961078166962e-02
7.039000093936920166e-02 -6.301999837160110474e-02 -1.638000085949897766e-02
-4.148999974131584167e-02 -4.475999996066093445e-02 -1.369400024414062500e-01
-1.255699992179870605e-01 -5.962000042200088501e-02 -1.882000081241130829e-02
9.440000168979167938e-03 -9.786999970674514771e-02 5.186999961733818054e-02
1.518999971449375153e-02 -6.052999943494796753e-02 -4.825000092387199402e-02
-7.856000214815139771e-02 -2.569000050425529480e-02 -2.386299967765808105e-01
-3.288800120353698730e-01 -2.879000082612037659e-02 -9.500000160187482834e-04
3.150000004097819328e-03 -5.897999927401542664e-02 5.195000022649765015e-02
9.565000236034393311e-02 -5.522999912500381470e-02 1.115799993276596069e-01
-3.480000048875808716e-02 -5.863999947905540466e-02 2.009999938309192657e-02
4.554000124335289001e-02 -5.062999948859214783e-02 2.097299993038177490e-01
3.156000003218650818e-02 -8.850999921560287476e-02 -5.534999817609786987e-02
-9.188999980688095093e-02 -6.024000048637390137e-02 6.289999932050704956e-03
4.450999945402145386e-02 -3.847999870777130127e-02 1.449999958276748657e-01
3.070000093430280685e-03 -3.826000168919563293e-02 -1.804600059986114502e-01
3.186799883842468262e-01 -6.129999831318855286e-02 -1.087999995797872543e-02
1.345600038766860962e-01 -6.229000166058540344e-02 -1.940000057220458984e-02
-4.613000154495239258e-02 -4.712999984622001648e-02 1.083199977874755859e-01
3.415999934077262878e-02 -6.972999870777130127e-02 1.111800000071525574e-01
3.362199962139129639e-01 -6.018999963998794556e-02 8.940000087022781372e-03
-1.009299978613853455e-01 -2.353999949991703033e-02 2.643199861049652100e-01
-9.700000286102294922e-02 -2.809000015258789062e-02 2.554900050163269043e-01
-1.798299998044967651e-01 -4.518999904394149780e-02 -2.601999975740909576e-02
2.297000028192996979e-02 -3.220000118017196655e-02 -1.569200009107589722e-01
-1.346099972724914551e-01 -2.092999964952468872e-02 3.010599911212921143e-01
1.333000045269727707e-02 -5.627999827265739441e-02 3.009000048041343689e-02
-3.062100112438201904e-01 4.980999976396560669e-02 3.389999968931078911e-03
8.406999707221984863e-02 -6.300999969244003296e-02 -2.630000002682209015e-02
-5.302999913692474365e-02 -2.831000089645385742e-02 2.080000042915344238e-01
-9.799999743700027466e-02 -4.410000052303075790e-03 4.600000102072954178e-04
-6.688000261783599854e-02 -3.832999989390373230e-02 -1.807699948549270630e-01
-1.601999998092651367e-02 -6.672000139951705933e-02 -2.829999895766377449e-03
-1.196800023317337036e-01 -2.188000082969665527e-02 2.985300123691558838e-01
-8.917000144720077515e-02 -2.631999924778938293e-02 -2.699500024318695068e-01
-9.132000058889389038e-02 -3.285999968647956848e-02 -2.160100042819976807e-01
-3.267700076103210449e-01 -1.075000036507844925e-02 -7.774999737739562988e-02
-8.200000156648457050e-04 -5.725000053644180298e-02 -2.061800062656402588e-01
-6.626000255346298218e-02 -2.397000044584274292e-02 -2.452400028705596924e-01
-3.287000060081481934e-01 -9.119999594986438751e-03 -6.235000118613243103e-02
1.620299965143203735e-01 -1.107000000774860382e-02 1.795000024139881134e-02
-4.769999999552965164e-03 -4.492000117897987366e-02 1.201499998569488525e-01
-1.503400057554244995e-01 -4.283000156283378601e-02 -2.837000042200088501e-02
-9.103000164031982422e-02 -3.908000141382217407e-02 1.570399999618530273e-01
3.395000100135803223e-02 -5.494000017642974854e-02 -7.839000225067138672e-02
-4.834000021219253540e-02 -6.665000319480895996e-02 3.349999897181987762e-03
-7.230000197887420654e-02 -2.579000033438205719e-02 -2.716499865055084229e-01
-1.086499989032745361e-01 -2.105000056326389313e-02 3.055700063705444336e-01
1.413000002503395081e-02 -1.262000016868114471e-02 1.985999941825866699e-02
-2.414000034332275391e-02 -3.877000138163566589e-02 1.275099962949752808e-01
-2.740000002086162567e-02 -5.607999861240386963e-02 -2.317900061607360840e-01
-2.389999926090240479e-01 -3.787999972701072693e-02 -2.047999948263168335e-02
2.689999993890523911e-03 -5.248000100255012512e-02 9.077999740839004517e-02
-3.644100129604339600e-01 -8.270000107586383820e-03 9.470000118017196655e-02
1.620000004768371582e-01 -5.649000033736228943e-02 2.202999964356422424e-02
2.727900147438049316e-01 -6.439000368118286133e-02 1.008000038564205170e-02
-2.481999993324279785e-02 -2.717000059783458710e-02 -2.081999927759170532e-01
4.349000006914138794e-02 -4.575999826192855835e-02 1.231399998068809509e-01
1.081900000572204590e-01 -3.731000050902366638e-02 2.948999963700771332e-02
-7.378999888896942139e-02 -2.359000034630298615e-02 -2.848500013351440430e-01
-3.441999852657318115e-02 -3.613999858498573303e-02 9.311000257730484009e-02
-1.500000071246176958e-04 -3.627000004053115845e-02 -1.276499927043914795e-01
4.981999844312667847e-02 -2.470999956130981445e-02 -2.754000015556812286e-02
-8.379999548196792603e-03 -2.802000008523464203e-02 -2.018900066614151001e-01
2.912000119686126709e-01 -5.530999973416328430e-02 2.030000090599060059e-02
1.010100021958351135e-01 -5.968999862670898438e-02 -4.216000065207481384e-02
3.322000056505203247e-02 -6.421999633312225342e-02 -2.628000080585479736e-02
2.680099904537200928e-01 -1.734999939799308777e-02 -2.284999936819076538e-02
1.079199984669685364e-01 -6.391000002622604370e-02 -1.327600032091140747e-01
-1.233299970626831055e-01 -6.610000040382146835e-03 -1.042000018060207367e-02
2.575600147247314453e-01 -4.087999835610389709e-02 2.905000001192092896e-02
-3.142999857664108276e-02 -2.866999991238117218e-02 2.405900061130523682e-01
1.360000018030405045e-02 -9.493000060319900513e-02 5.121999979019165039e-02
2.490999996662139893e-01 -6.168000027537345886e-02 1.635999977588653564e-02
-1.575000025331974030e-02 -4.966999962925910950e-02 1.410000026226043701e-03
-8.527000248432159424e-02 -3.454999998211860657e-02 -2.040099948644638062e-01
3.681999817490577698e-02 -4.323000088334083557e-02 -6.074000149965286255e-02
-1.592199951410293579e-01 -2.975999936461448669e-02 -2.883999980986118317e-02
1.282899975776672363e-01 -7.583999633789062500e-02 1.233299970626831055e-01
7.129999995231628418e-02 -3.598999977111816406e-02 2.965999953448772430e-02
-3.514199852943420410e-01 -5.090000107884407043e-03 9.651000052690505981e-02
-3.620000183582305908e-02 -2.971000038087368011e-02 1.445499956607818604e-01
5.019000172615051270e-02 -4.287000000476837158e-02 -1.340399980545043945e-01
-6.010000128298997879e-03 -4.422000050544738770e-02 -2.852999977767467499e-02
-1.012900024652481079e-01 -2.087000012397766113e-02 -2.819800078868865967e-01
-4.920000210404396057e-03 -6.861999630928039551e-02 -1.343999989330768585e-02
-1.758000068366527557e-02 -6.007000058889389038e-02 -2.328300029039382935e-01
-6.550999730825424194e-02 -3.421999886631965637e-02 2.950000017881393433e-02
-2.484499961137771606e-01 -4.154000058770179749e-02 -1.617000065743923187e-02
-4.110000096261501312e-03 -5.197999998927116394e-02 4.053999856114387512e-02
-4.636000096797943115e-02 -5.347000062465667725e-02 2.125799953937530518e-01
-1.860699951648712158e-01 -1.358000002801418304e-02 2.104000002145767212e-02
-2.930000126361846924e-01 1.009999960660934448e-02 4.710000008344650269e-03
8.910000324249267578e-03 -6.525000184774398804e-02 -2.090000063180923462e-01
-1.961199939250946045e-01 -5.539999809116125107e-03 4.679999779909849167e-03
1.083799973130226135e-01 -6.229000166058540344e-02 -2.143000066280364990e-02
-1.487399935722351074e-01 -3.810000047087669373e-02 2.909000031650066376e-02
-8.969999849796295166e-03 -6.330999732017517090e-02 1.792999915778636932e-02
1.213499978184700012e-01 -5.728000029921531677e-02 1.136299967765808105e-01
7.440999895334243774e-02 -3.990999981760978699e-02 -7.569000124931335449e-02
3.170300126075744629e-01 -1.589000038802623749e-02 -6.550000049173831940e-03
-6.746000051498413086e-02 -3.302000090479850769e-02 2.242199927568435669e-01
2.603200078010559082e-01 -2.269000001251697540e-02 2.669000066816806793e-02
1.109999953769147396e-03 -6.927999854087829590e-02 1.431000046432018280e-02
-4.789000004529953003e-02 -2.470999956130981445e-02 -2.639800012111663818e-01
-8.500000112690031528e-04 -4.004000127315521240e-02 -1.723700016736984253e-01
-7.428999990224838257e-02 -2.765999920666217804e-02 2.605600059032440186e-01
3.249999880790710449e-02 -4.851000010967254639e-02 1.158400028944015503e-01
-3.066900074481964111e-01 6.695000082254409790e-02 3.109999932348728180e-03
-1.221999991685152054e-02 -4.552999883890151978e-02 1.399500072002410889e-01
3.281599879264831543e-01 -2.515999972820281982e-02 -9.970000013709068298e-03
4.966999962925910950e-02 -6.950999796390533447e-02 -8.559999987483024597e-03
-1.605499982833862305e-01 -5.578999966382980347e-02 2.026999928057193756e-02
3.328999876976013184e-02 -4.247999936342239380e-02 -1.470299959182739258e-01
3.699999942909926176e-04 -3.178000077605247498e-02 -1.616500020027160645e-01
3.314999863505363464e-02 -4.393000155687332153e-02 2.178300023078918457e-01
5.753000080585479736e-02 -5.249999929219484329e-03 6.550000049173831940e-03
-4.041999951004981995e-02 -5.200000014156103134e-03 -6.169999949634075165e-03
-2.931300103664398193e-01 -1.238000020384788513e-02 3.564999997615814209e-02
-6.260000169277191162e-02 -3.245000168681144714e-02 -2.284999936819076538e-01
-7.235000282526016235e-02 -2.931999973952770233e-02 2.496100068092346191e-01
-3.480999916791915894e-02 -6.621000170707702637e-02 2.263299971818923950e-01
-3.602999821305274963e-02 -4.188999906182289124e-02 1.205300018191337585e-01
3.012700080871582031e-01 -1.377999968826770782e-02 1.422999985516071320e-02
-3.255600035190582275e-01 -1.186999958008527756e-02 7.126999646425247192e-02
8.583000302314758301e-02 -1.654000021517276764e-02 2.318000048398971558e-02
3.167000040411949158e-02 -4.749000072479248047e-02 -1.750000054016709328e-03
3.598000109195709229e-02 -7.340999692678451538e-02 1.248499974608421326e-01
-1.115899980068206787e-01 -1.868000067770481110e-02 3.020899891853332520e-01
8.173000067472457886e-02 -4.352999851107597351e-02 9.677000343799591064e-02
-1.365999970585107803e-02 -5.085000023245811462e-02 -2.096999995410442352e-02
-2.737000025808811188e-02 -3.801000118255615234e-02 1.900900006294250488e-01
1.501999981701374054e-02 -4.893999919295310974e-02 1.166300028562545776e-01
-3.037900030612945557e-01 2.985000051558017731e-02 -3.629999933764338493e-03
1.105699986219406128e-01 -4.506999999284744263e-02 -5.197999998927116394e-02
-2.497600018978118896e-01 3.621999919414520264e-02 -1.629999955184757710e-03
-1.448400020599365234e-01 -4.707999899983406067e-02 -2.685000002384185791e-02
-1.531800031661987305e-01 -5.654000118374824524e-02 2.001000009477138519e-02
5.899000167846679688e-02 -3.736000135540962219e-02 -1.028899997472763062e-01
-3.770000115036964417e-02 -2.598999999463558197e-02 1.597400009632110596e-01
3.711999952793121338e-02 -7.032000273466110229e-02 -1.288100033998489380e-01
-4.698999971151351929e-02 -4.980999976396560669e-02 -2.634000033140182495e-02
-2.748000063002109528e-02 -4.419000074267387390e-02 -1.024300009012222290e-01
-2.764199972152709961e-01 -3.150000050663948059e-02 1.590999960899353027e-02
-3.097999989986419678e-01 4.580000042915344238e-02 3.040000097826123238e-03
-1.235999986529350281e-01 -2.009000070393085480e-02 2.981100082397460938e-01
1.108499988913536072e-01 -3.951000049710273743e-02 2.921999990940093994e-02
-8.214999735355377197e-02 -1.986999996006488800e-02 -3.068000078201293945e-01
-1.142899990081787109e-01 -2.168999984860420227e-02 -3.008199930191040039e-01
-2.633099853992462158e-01 -1.624000072479248047e-02 1.641000062227249146e-02
2.639999985694885254e-02 -5.048000067472457886e-02 1.164200007915496826e-01
-8.286000043153762817e-02 -3.559000045061111450e-02 1.452499926090240479e-01
-7.242000102996826172e-02 -4.504999890923500061e-02 -7.909999787807464600e-02
-2.672699987888336182e-01 6.389000266790390015e-02 -2.300000051036477089e-04
4.323999956250190735e-02 -4.933999851346015930e-02 1.231599971652030945e-01
-9.083999693393707275e-02 -3.036000020802021027e-02 -2.388200014829635620e-01
-7.734999805688858032e-02 -3.782999888062477112e-02 1.444399952888488770e-01
-3.187600076198577881e-01 1.758000068366527557e-02 8.500000112690031528e-04
2.737000025808811188e-02 -4.152999818325042725e-02 7.817000150680541992e-02
9.766999632120132446e-02 -6.049999967217445374e-02 -3.993000090122222900e-02
1.979500055313110352e-01 -3.299999982118606567e-02 -2.934999950230121613e-02
-2.458100020885467529e-01 3.909999970346689224e-03 -5.700000096112489700e-03
-2.972100079059600830e-01 -1.451000012457370758e-02 4.650999978184700012e-02
8.913999795913696289e-02 -6.950999796390533447e-02 2.529999939724802971e-03
-2.308000065386295319e-02 -5.144999921321868896e-02 6.345999985933303833e-02
-1.868499964475631714e-01 -5.029999837279319763e-02 2.206999994814395905e-02
-3.415499925613403320e-01 -1.472000032663345337e-02 5.356999859213829041e-02
-4.368999972939491272e-02 -6.686999648809432983e-02 2.190500050783157349e-01
-1.774500012397766113e-01 -5.872999876737594604e-02 -1.334999967366456985e-02
1.831000000238418579e-01 -2.153000049293041229e-02 -2.630000002682209015e-02
-2.795099914073944092e-01 -2.009000070393085480e-02 -1.260999962687492371e-02
2.828400135040283203e-01 -1.981000043451786041e-02 2.301000058650970459e-02
2.261299937963485718e-01 -1.982999965548515320e-02 -2.556000091135501862e-02
-2.816000021994113922e-02 -5.073000118136405945e-02 -7.201000303030014038e-02
-5.536999925971031189e-02 -5.469999834895133972e-02 2.332999929785728455e-02
-1.415800005197525024e-01 -6.452000141143798828e-02 7.980000227689743042e-03
1.962999999523162842e-01 -3.686999902129173279e-02 -2.954999916255474091e-02
3.016299903392791748e-01 -2.772999927401542664e-02 2.353000082075595856e-02
4.490999877452850342e-02 -1.195999979972839355e-02 -1.905000023543834686e-02
-4.329999908804893494e-03 -5.073999986052513123e-02 2.734999917447566986e-02
-3.141799867153167725e-01 -1.217000000178813934e-02 -6.580000370740890503e-02
-8.067999780178070068e-02 -2.300000004470348358e-02 -2.578999996185302734e-01
-6.562999635934829712e-02 -1.565000042319297791e-02 2.253000065684318542e-02
-3.696300089359283447e-01 -7.340000011026859283e-03 9.766999632120132446e-02
5.962999910116195679e-02 -4.972999915480613708e-02 -1.228099986910820007e-01
-5.891000106930732727e-02 -3.748000040650367737e-02 -7.958000153303146362e-02
-7.740999758243560791e-02 -3.658000007271766663e-02 1.793500036001205444e-01
-8.068999648094177246e-02 -4.269000142812728882e-02 8.353000134229660034e-02
-4.515999928116798401e-02 -2.432000078260898590e-02 -2.604799866676330566e-01
2.765000052750110626e-02 -4.633000120520591736e-02 4.695999994874000549e-02
1.162000000476837158e-01 -6.934999674558639526e-02 -9.779999963939189911e-03
-4.357000067830085754e-02 -5.604000017046928406e-02 2.236000075936317444e-02
-2.450100034475326538e-01 -4.995999857783317566e-02 -2.659999998286366463e-03
5.316999927163124084e-02 -4.915999993681907654e-02 -1.056199967861175537e-01
-2.659800052642822266e-01 -7.449999917298555374e-03 -5.439999978989362717e-03
1.658499985933303833e-01 -6.621000170707702637e-02 -6.479999981820583344e-03
4.799999878741800785e-04 -6.926999986171722412e-02 -1.052000001072883606e-02
4.676000028848648071e-02 -6.940000224858522415e-03 1.116999983787536621e-02
-5.076000094413757324e-02 -6.539999973028898239e-03 1.025999989360570908e-02
4.410000145435333252e-02 -6.035000085830688477e-02 -5.122999846935272217e-02
-2.208999916911125183e-02 -5.617000162601470947e-02 5.592999979853630066e-02
1.448000036180019379e-02 -6.018999963998794556e-02 -2.334000021219253540e-01
1.045999955385923386e-02 -6.328999996185302734e-02 -5.909999832510948181e-03
9.625999629497528076e-02 -6.950999796390533447e-02 -1.087000034749507904e-02
4.606999829411506653e-02 -3.534999862313270569e-02 1.325599998235702515e-01
-3.917000070214271545e-02 -6.745000183582305908e-02 2.219199985265731812e-01
-1.010800004005432129e-01 -1.834999956190586090e-02 -3.013199865818023682e-01
2.645999938249588013e-02 -8.545000106096267700e-02 -4.433999955654144287e-02
-3.363299965858459473e-01 -1.703999936580657959e-02 3.762999922037124634e-02
5.660000070929527283e-02 -3.537999838590621948e-02 1.184199973940849304e-01
7.436999678611755371e-02 -3.922000154852867126e-02 2.924999967217445374e-02
3.681999817490577698e-02 -6.408999860286712646e-02 2.398999966681003571e-02
5.544999986886978149e-02 -6.283999979496002197e-02 -3.861999884247779846e-02
2.074999921023845673e-02 -6.332000344991683960e-02 -6.740000098943710327e-03
-2.607100009918212891e-01 -7.950000464916229248e-03 6.490000057965517044e-03
2.093899995088577271e-01 -2.724999934434890747e-02 -2.854000031948089600e-02
3.674000129103660583e-02 -4.163999855518341064e-02 7.204999774694442749e-02
-4.230000078678131104e-02 -5.531999841332435608e-02 -2.179699987173080444e-01
-2.078199982643127441e-01 -2.054999954998493195e-02 2.434000000357627869e-02
-2.275999933481216431e-01 -5.950000137090682983e-03 4.240000154823064804e-03
5.220000166445970535e-03 -5.507000163197517395e-02 -2.395999990403652191e-02
-5.454999953508377075e-02 -3.675999864935874939e-02 -1.985300034284591675e-01
-1.530999988317489624e-01 -1.107000000774860382e-02 -1.820000074803829193e-02
-3.587999939918518066e-02 -4.780000075697898865e-02 2.167800068855285645e-01
-2.569000050425529480e-02 -2.701999992132186890e-02 2.097000032663345337e-01
2.786999940872192383e-02 -8.820000104606151581e-03 1.518000010401010513e-02
-8.190000429749488831e-03 -5.074999853968620300e-02 5.257000029087066650e-02
-1.696000061929225922e-02 -4.732000082731246948e-02 -2.161599993705749512e-01
-3.073300123214721680e-01 -1.381000038236379623e-02 9.549999609589576721e-03
-2.208999991416931152e-01 -3.895999863743782043e-02 2.353000082075595856e-02
-1.823999918997287750e-02 -3.934999927878379822e-02 -2.923999913036823273e-02
-2.223899960517883301e-01 -1.035999972373247147e-02 1.482000015676021576e-02
6.894999742507934570e-02 -7.992000132799148560e-02 -1.213300004601478577e-01
6.278000026941299438e-02 -7.707999646663665771e-02 -1.278599947690963745e-01
-4.710000008344650269e-03 -4.653000086545944214e-02 2.285300046205520630e-01
-6.515000015497207642e-02 -2.869999967515468597e-02 -2.529200017452239990e-01
3.008800148963928223e-01 -9.658999741077423096e-02 -3.729999996721744537e-03
2.717000059783458710e-02 -5.762000009417533875e-02 2.068399935960769653e-01
-1.360999979078769684e-02 -2.728999964892864227e-02 1.520500034093856812e-01
1.341999974101781845e-02 -6.224000081419944763e-02 3.472999855875968933e-02
-1.619800031185150146e-01 -7.029999978840351105e-03 -2.649999922141432762e-03
-1.008099988102912903e-01 -1.989999972283840179e-02 2.888100147247314453e-01
4.380000010132789612e-02 -2.525000087916851044e-02 2.775000035762786865e-02
9.030000306665897369e-03 -3.079999983310699463e-02 -1.707399934530258179e-01
-5.643999949097633362e-02 -3.807999938726425171e-02 9.113000333309173584e-02
-3.005000054836273193e-01 8.332999795675277710e-02 -2.219999907538294792e-03
-5.996999889612197876e-02 -6.174999848008155823e-02 -7.960000075399875641e-03
2.175000011920928955e-01 -2.631000056862831116e-02 2.817000076174736023e-02
2.261099964380264282e-01 -6.599999964237213135e-03 -1.040000002831220627e-02
-1.530000008642673492e-03 -3.909000009298324585e-02 2.176900058984756470e-01
-5.900000222027301788e-03 -4.030000045895576477e-02 1.722799986600875854e-01
-5.527999997138977051e-02 -4.370000213384628296e-03 1.699999993434175849e-04
-1.950000040233135223e-02 -3.181999921798706055e-02 -2.175299972295761108e-01
-1.124299988150596619e-01 -2.452000044286251068e-02 2.792699933052062988e-01
7.582999765872955322e-02 -4.021000117063522339e-02 -7.235000282526016235e-02
-2.732200026512145996e-01 -3.804000094532966614e-02 -1.291000004857778549e-02
-3.440800011157989502e-01 -8.910000324249267578e-03 6.966999918222427368e-02
-5.217999964952468872e-02 -5.239000171422958374e-02 3.830000059679150581e-03
1.905999928712844849e-01 -6.701000034809112549e-02 -7.200000109151005745e-04
1.891000010073184967e-02 -3.573000058531761169e-02 1.774899959564208984e-01
8.967000246047973633e-02 -7.337000221014022827e-02 -1.316699981689453125e-01
-2.772200107574462891e-01 -4.670000169426202774e-03 6.159999873489141464e-03
-1.079999958164989948e-03 -5.026999861001968384e-02 1.069099977612495422e-01
-3.351999819278717041e-02 -4.932000115513801575e-02 -9.824000298976898193e-02
-3.669000044465065002e-02 -6.083999946713447571e-02 -2.974000014364719391e-02
-1.386999990791082382e-02 -4.221000149846076965e-02 1.017400026321411133e-01
-3.364999890327453613e-01 -6.630000192672014236e-03 8.167999982833862305e-02
-2.409099936485290527e-01 -3.215999901294708252e-02 -2.184999920427799225e-02
-2.898100018501281738e-01 4.859999939799308777e-02 -4.110000096261501312e-03
4.191000014543533325e-02 -6.148999929428100586e-02 -1.110100001096725464e-01
-7.394000142812728882e-02 -1.374000031501054764e-02 -2.113999985158443451e-02
9.692999720573425293e-02 -4.493999853730201721e-02 -7.598999887704849243e-02
2.307000011205673218e-02 -6.802999973297119141e-02 1.834000088274478912e-02
-1.604599952697753906e-01 -3.037000074982643127e-02 2.892000041902065277e-02
-2.918399870395660400e-01 7.739000022411346436e-02 -2.090000081807374954e-03
-3.039900064468383789e-01 -1.586000062525272369e-02 -9.170000441372394562e-03
-3.388299942016601562e-01 -1.226999983191490173e-02 -7.102999836206436157e-02
-5.789999850094318390e-03 -3.791999816894531250e-02 2.177200019359588623e-01
-3.835000097751617432e-02 -4.794999957084655762e-02 -2.220000028610229492e-01
-7.412000000476837158e-02 -5.702000111341476440e-02 1.498000044375658035e-02
-5.245000123977661133e-02 -2.452000044286251068e-02 2.367600053548812866e-01
-2.518999949097633362e-02 -5.579999834299087524e-02 -4.470000043511390686e-02
-2.168900072574615479e-01 6.610000040382146835e-03 -6.300000241026282310e-04
-1.880600005388259888e-01 -2.885000035166740417e-02 -2.817999944090843201e-02
8.722999691963195801e-02 -5.366000160574913025e-02 -1.141199991106987000e-01
1.198199987411499023e-01 -4.600999876856803894e-02 7.849999703466892242e-03
-6.440000142902135849e-03 -6.978999823331832886e-02 2.251999974250793457e-01
-3.103699982166290283e-01 -1.443000044673681259e-02 -9.239999577403068542e-03
1.909000054001808167e-02 -4.741999879479408264e-02 -1.164299994707107544e-01
-1.424700021743774414e-01 -4.600000008940696716e-02 2.734999917447566986e-02
5.231000110507011414e-02 -5.189999938011169434e-02 9.143000096082687378e-02
-8.146999776363372803e-02 -3.832000121474266052e-02 -1.623599976301193237e-01
-5.135999992489814758e-02 -2.724999934434890747e-02 2.178400009870529175e-01
-6.870999932289123535e-02 -3.449000045657157898e-02 1.827799975872039795e-01
-7.280000299215316772e-02 -6.571999937295913696e-02 -8.430000394582748413e-03
8.999999845400452614e-04 -9.320999681949615479e-02 -4.631000012159347534e-02
6.627999991178512573e-02 -7.537999749183654785e-02 1.299300044775009155e-01
-6.238999962806701660e-02 -3.407000005245208740e-02 -2.171600013971328735e-01
1.802199929952621460e-01 -6.304000318050384521e-02 -1.455000042915344238e-02
1.007200032472610474e-01 -5.559000000357627869e-02 5.861999839544296265e-02
1.812700033187866211e-01 -8.770000189542770386e-03 1.511000003665685654e-02
6.724999845027923584e-02 -6.230999901890754700e-02 2.143999934196472168e-02
-1.290300041437149048e-01 -6.622999906539916992e-02 -3.800000064074993134e-03
2.706399857997894287e-01 -6.263999640941619873e-02 1.429999992251396179e-02
-1.895399987697601318e-01 -6.030000001192092896e-02 1.189999980852007866e-03
9.243000298738479614e-02 -6.187000125646591187e-02 6.920000072568655014e-03
1.195100024342536926e-01 -4.543999955058097839e-02 1.769999973475933075e-02
-7.029999792575836182e-02 -3.375000134110450745e-02 -2.181800007820129395e-01
6.544999778270721436e-02 -4.478000104427337646e-02 3.017999976873397827e-02
-8.729999884963035583e-03 -4.453999921679496765e-02 -1.466899961233139038e-01
-2.770799994468688965e-01 -2.379000000655651093e-02 -1.690999977290630341e-02
2.670999988913536072e-02 -6.015000119805335999e-02 5.138000100851058960e-02
1.776999980211257935e-02 -9.674999862909317017e-02 -4.016999900341033936e-02
2.996399998664855957e-01 -7.868000119924545288e-02 -1.129999989643692970e-03
5.006000027060508728e-02 -4.489000141620635986e-02 4.075999930500984192e-02
-7.635000348091125488e-02 -4.225999861955642700e-02 8.144000172615051270e-02
2.452999912202358246e-02 -5.457999929785728455e-02 1.175900027155876160e-01
6.207999959588050842e-02 -6.257999688386917114e-02 2.069999929517507553e-03
-3.433400094509124756e-01 -1.724000088870525360e-02 -3.409999981522560120e-02
-2.366000041365623474e-02 -3.241999819874763489e-02 2.207700014114379883e-01
-2.559999935328960419e-03 -6.330999732017517090e-02 9.200000204145908356e-03
-5.242000147700309753e-02 -2.292999997735023499e-02 -2.691299915313720703e-01
3.174000084400177002e-01 -4.685999825596809387e-02 -2.136999927461147308e-02
3.579000011086463928e-02 -5.369000136852264404e-02 -8.438999950885772705e-02
-2.170999906957149506e-02 -5.158000066876411438e-02 -8.570999652147293091e-02
1.044100001454353333e-01 -3.976999968290328979e-02 -2.917999960482120514e-02
-2.635299861431121826e-01 -4.425999894738197327e-02 8.059999905526638031e-03
-2.965999953448772430e-02 -4.270000010728836060e-02 -1.585900038480758667e-01
-1.220100000500679016e-01 -2.466999925673007965e-02 -2.733399868011474609e-01
3.634800016880035400e-01 -4.069999977946281433e-02 4.399999976158142090e-03
-5.079000070691108704e-02 -2.332000061869621277e-02 -2.479699999094009399e-01
2.820000052452087402e-03 -6.207000091671943665e-02 -3.610000014305114746e-02
1.434199959039688110e-01 -2.050000056624412537e-02 -2.589000016450881958e-02
-4.216999933123588562e-02 -3.013000078499317169e-02 2.394099980592727661e-01
3.516000136733055115e-02 -7.632999867200851440e-02 1.199799999594688416e-01
9.336999803781509399e-02 -6.945999711751937866e-02 -1.508000027388334274e-02
2.174600064754486084e-01 -2.673999965190887451e-02 -2.834000065922737122e-02
-7.819999940693378448e-03 -4.566000029444694519e-02 -1.195100024342536926e-01
-9.932000190019607544e-02 -2.242000028491020203e-02 2.962000072002410889e-01
1.094100028276443481e-01 -4.594000056385993958e-02 -7.040000054985284805e-03
-1.754000037908554077e-02 -4.331000149250030518e-02 1.551699936389923096e-01
1.085999980568885803e-02 -4.658000171184539795e-02 2.228000015020370483e-01
-2.415000088512897491e-02 -6.609000265598297119e-02 7.340000011026859283e-03
