-2.183499932289123535e-01 4.425000026822090149e-02 -5.099999834783375263e-04
-1.227300018072128296e-01 -3.779999911785125732e-03 4.933999851346015930e-02
2.863799929618835449e-01 -3.248000144958496094e-02 3.322000056505203247e-02
9.166000038385391235e-02 -5.175999924540519714e-02 3.409000113606452942e-02
-3.357500135898590088e-01 7.929000258445739746e-02 -1.213499978184700012e-01
2.973600029945373535e-01 -6.746999919414520264e-02 1.319000031799077988e-02
-2.073500007390975952e-01 3.172999992966651917e-02 -1.049999962560832500e-03
-3.448899984359741211e-01 8.350999653339385986e-02 1.970000099390745163e-03
1.683299988508224487e-01 -5.011000111699104309e-02 -3.285999968647956848e-02
-1.009799987077713013e-01 -2.132000029087066650e-02 4.848000034689903259e-02
-2.112299948930740356e-01 4.400000034365803003e-04 -2.589999930933117867e-03
3.494999930262565613e-02 -4.058000072836875916e-02 -3.629000112414360046e-02
-3.393999859690666199e-02 -1.679999940097332001e-02 -3.401999920606613159e-02
-8.839000016450881958e-02 -8.139999583363533020e-03 5.615999922156333923e-02
9.269999712705612183e-02 -5.409999936819076538e-02 3.030000068247318268e-02
-1.139200031757354736e-01 -2.614999935030937195e-02 6.638000160455703735e-02
-8.543000370264053345e-02 -7.094000279903411865e-02 -3.509999951347708702e-03
-5.438999831676483154e-02 -6.663999706506729126e-02 1.652999967336654663e-02
-7.214999943971633911e-02 -6.729999929666519165e-02 1.511000003665685654e-02
-4.385000094771385193e-02 -6.401000171899795532e-02 -8.247999846935272217e-02
-2.480500042438507080e-01 -4.329999908804893494e-03 -8.089999668300151825e-03
-3.342399895191192627e-01 7.959000021219253540e-02 1.175500005483627319e-01
-1.941799968481063843e-01 -1.812000013887882233e-02 2.556000091135501862e-02
-3.915999829769134521e-02 -6.047999858856201172e-02 -1.101799979805946350e-01
-1.436999998986721039e-02 -5.048999935388565063e-02 1.597599983215332031e-01
2.151999995112419128e-02 -4.924000054597854614e-02 1.568499952554702759e-01
1.142899990081787109e-01 -2.438000030815601349e-02 3.641999885439872742e-02
-1.217499971389770508e-01 -3.641999885439872742e-02 -5.313999950885772705e-02
-1.715600043535232544e-01 -2.360999956727027893e-02 -2.927999943494796753e-02
7.711999863386154175e-02 -6.561999768018722534e-02 -3.449999913573265076e-02
-1.050899997353553772e-01 -4.309999942779541016e-02 -3.166899979114532471e-01
2.968999929726123810e-02 -4.095000028610229492e-02 -3.681999817490577698e-02
9.070000052452087402e-02 -5.460000038146972656e-02 3.860000148415565491e-02
2.448000013828277588e-02 -5.172000080347061157e-02 1.546500027179718018e-01
2.332600057125091553e-01 -5.525000020861625671e-02 -2.945999987423419952e-02
-2.720200121402740479e-01 -3.046000003814697266e-02 -9.770000353455543518e-03
-1.907700002193450928e-01 -1.111000031232833862e-02 6.272999942302703857e-02
-3.468000143766403198e-02 -5.214000120759010315e-02 -2.251999974250793457e-01
-3.531999886035919189e-02 -5.612999945878982544e-02 -1.847400069236755371e-01
-2.928999997675418854e-02 -5.401999875903129578e-02 -2.058299928903579712e-01
-6.168999895453453064e-02 -3.981000185012817383e-02 3.077200055122375488e-01
-3.319100141525268555e-01 7.910999655723571777e-02 -1.300300061702728271e-01
1.064900010824203491e-01 -5.968999862670898438e-02 -3.036000020802021027e-02
-3.125399947166442871e-01 5.851000174880027771e-02 2.829999895766377449e-03
-1.320199966430664062e-01 -2.477999962866306305e-02 3.770000068470835686e-03
-1.373199969530105591e-01 -2.439000084996223450e-02 2.290000021457672119e-02
-2.505100071430206299e-01 8.211000263690948486e-02 3.849999979138374329e-03
5.299999937415122986e-02 -5.169999971985816956e-02 -3.714999929070472717e-02
2.781800031661987305e-01 -8.558999747037887573e-02 2.869999967515468597e-03
-3.396999835968017578e-02 -5.621999874711036682e-02 1.470900028944015503e-01
2.235199958086013794e-01 -2.281000092625617981e-02 -3.621999919414520264e-02
2.155800014734268188e-01 2.959999954327940941e-03 1.589000038802623749e-02
-1.049000024795532227e-02 -6.579999811947345734e-03 2.789000049233436584e-02
-4.645999893546104431e-02 -4.647000133991241455e-02 2.280199974775314331e-01
5.945000052452087402e-02 -6.712000072002410889e-02 3.554999828338623047e-02
2.912899851799011230e-01 -6.627999991178512573e-02 1.672000065445899963e-02
-1.520500034093856812e-01 -8.870000019669532776e-03 2.565000019967556000e-02
-1.336000021547079086e-02 -5.866000056266784668e-02 -5.291000008583068848e-02
3.121399879455566406e-01 -2.199999988079071045e-02 -1.150999963283538818e-02
-3.246999904513359070e-02 -6.222999840974807739e-02 -3.624000027775764465e-02
-7.485999912023544312e-02 -4.602999985218048096e-02 2.879399955272674561e-01
-3.528999909758567810e-02 7.340000011026859283e-03 1.470000017434358597e-03
-1.449600011110305786e-01 -1.260999962687492371e-02 2.905000001192092896e-02
8.433999866247177124e-02 -7.343000173568725586e-02 2.686999924480915070e-02
-2.510000020265579224e-02 -6.430999934673309326e-02 7.993000000715255737e-02
-1.869999989867210388e-02 -6.233000010251998901e-02 1.069300025701522827e-01
2.286400049924850464e-01 -6.761000305414199829e-02 1.444999966770410538e-02
-7.627999782562255859e-02 -4.490999877452850342e-02 -2.978299856185913086e-01
-1.918399930000305176e-01 -1.394999958574771881e-02 2.418000064790248871e-02
-1.883600056171417236e-01 -2.070000022649765015e-02 1.145999971777200699e-02
-2.835299968719482422e-01 -3.054000064730644226e-02 -2.610000083222985268e-03
8.748000115156173706e-02 -5.090000107884407043e-03 -2.679999917745590210e-02
-8.878999948501586914e-02 -1.823000051081180573e-02 3.458999842405319214e-02
2.785800099372863770e-01 -3.221999853849411011e-02 -3.438000008463859558e-02
-9.466999769210815430e-02 -2.793000079691410065e-02 4.385999962687492371e-02
-2.490800023078918457e-01 4.766999930143356323e-02 5.109999794512987137e-03
4.064000025391578674e-02 -5.096000060439109802e-02 1.234899982810020447e-01
6.123999878764152527e-02 -7.056000083684921265e-02 3.293000161647796631e-02
-1.195800006389617920e-01 -6.876000016927719116e-02 1.180000021122395992e-03
-1.109999953769147396e-03 -6.328000128269195557e-02 -9.303999692201614380e-02
-2.405800074338912964e-01 1.974000036716461182e-02 -1.369999954476952553e-03
2.623499929904937744e-01 -6.921000033617019653e-02 1.087999995797872543e-02
-3.285999968647956848e-02 -5.895999819040298462e-02 -1.536899954080581665e-01
-2.465700060129165649e-01 -3.133999928832054138e-02 -1.568000018596649170e-02
-2.721799910068511963e-01 5.759999901056289673e-02 -1.079999958164989948e-03
3.046000003814697266e-02 -5.263999849557876587e-02 -3.979000076651573181e-02
-3.965000063180923462e-02 -4.199999850243330002e-03 2.586999908089637756e-02
3.890000050887465477e-03 -8.561000227928161621e-02 3.629000112414360046e-02
-1.011800020933151245e-01 -2.682000026106834412e-02 -6.089999899268150330e-02
-2.845999971032142639e-02 -1.434999983757734299e-02 3.305000066757202148e-02
-1.737000048160552979e-02 -4.504999890923500061e-02 2.109999954700469971e-01
-2.151399999856948853e-01 -4.069000110030174255e-02 1.665999926626682281e-02
-2.199999988079071045e-02 -5.525999888777732849e-02 1.259099990129470825e-01
5.672999843955039978e-02 -7.252000272274017334e-02 -3.116000071167945862e-02
-2.963800132274627686e-01 2.624000050127506256e-02 2.259999979287385941e-03
-5.144000053405761719e-02 -4.498000070452690125e-02 -2.902899980545043945e-01
-1.503999996930360794e-02 -5.634000152349472046e-02 9.004999697208404541e-02
-8.620999753475189209e-02 -2.304000034928321838e-02 3.860000148415565491e-02
-1.600099951028823853e-01 -3.550000023096799850e-03 -5.102000012993812561e-02
-3.098000027239322662e-02 -4.916999861598014832e-02 -2.475900053977966309e-01
2.635500133037567139e-01 -6.323999911546707153e-02 -2.139000035822391510e-02
-1.329000014811754227e-02 -4.509000107645988464e-02 -2.222799956798553467e-01
-1.211500018835067749e-01 -5.762000009417533875e-02 -2.459000051021575928e-02
-4.932999983429908752e-02 -7.002999633550643921e-02 8.419999852776527405e-03
1.357599943876266479e-01 -7.029999792575836182e-02 6.949999835342168808e-03
-1.112100034952163696e-01 -3.646999970078468323e-02 -3.565999865531921387e-02
-1.871600002050399780e-01 -9.050000458955764771e-03 4.224999994039535522e-02
-3.151000142097473145e-01 7.968000322580337524e-02 -8.579999953508377075e-02
-2.730799913406372070e-01 8.207999914884567261e-02 -3.239999990910291672e-03
4.298000037670135498e-02 -2.583000063896179199e-02 -3.660000115633010864e-02
8.259999752044677734e-02 -7.139000296592712402e-02 -2.986999973654747009e-02
-3.115000016987323761e-02 -4.733999818563461304e-02 2.552100121974945068e-01
-3.227899968624114990e-01 8.141999691724777222e-02 -6.961999833583831787e-02
-2.925600111484527588e-01 8.465000241994857788e-02 -4.379999823868274689e-03
-2.937099933624267578e-01 8.410000056028366089e-02 -2.012000046670436859e-02
-2.611999958753585815e-02 -6.706000119447708130e-02 -4.351999983191490173e-02
8.014000207185745239e-02 3.740000072866678238e-03 -1.420999970287084579e-02
-5.169999971985816956e-02 -5.367000028491020203e-02 -1.883500069379806519e-01
-1.546999961137771606e-01 -3.635000064969062805e-02 4.800000041723251343e-02
3.445200026035308838e-01 -4.642999917268753052e-02 -9.479999542236328125e-03
2.549000084400177002e-02 -5.339999869465827942e-02 3.714999929070472717e-02
-1.812099963426589966e-01 -1.751000061631202698e-02 -3.620000183582305908e-02
-1.915300041437149048e-01 2.850000048056244850e-03 2.349999966099858284e-03
-1.108400002121925354e-01 -1.424000039696693420e-02 5.169999785721302032e-03
-1.159399971365928650e-01 -1.448000036180019379e-02 2.497000060975551605e-02
9.044999629259109497e-02 7.269999943673610687e-03 -1.840000040829181671e-03
4.478999972343444824e-02 -1.238000020384788513e-02 3.212000057101249695e-02
2.704999968409538269e-02 -6.436999887228012085e-02 -7.839000225067138672e-02
-2.099000066518783569e-01 -3.669999912381172180e-02 2.088999934494495392e-02
1.053799986839294434e-01 -5.559999961405992508e-03 2.714000083506107330e-02
-9.369999915361404419e-02 -4.329999908804893494e-03 6.370000075548887253e-03
-3.081000037491321564e-02 -5.015999823808670044e-02 2.393900007009506226e-01
-6.000000052154064178e-03 -4.585999995470046997e-02 -2.083600014448165894e-01
3.007700145244598389e-01 -2.521000057458877563e-02 -2.483000047504901886e-02
8.059000223875045776e-02 -7.637000083923339844e-02 1.680999994277954102e-02
-2.259000018239021301e-02 -6.267999857664108276e-02 1.023800000548362732e-01
-2.118000015616416931e-02 -6.318999826908111572e-02 9.519000351428985596e-02
-1.047000009566545486e-02 -5.841999873518943787e-02 -4.831000044941902161e-02
-1.947000063955783844e-02 -5.973999947309494019e-02 -5.463999882340431213e-02
-6.659000366926193237e-02 -4.227999970316886902e-02 2.843199968338012695e-01
6.441000103950500488e-02 -4.662999883294105530e-02 -3.423999994993209839e-02
-1.339299976825714111e-01 -4.543000087141990662e-02 -3.142999857664108276e-02
-2.325999923050403595e-02 -4.472000151872634888e-02 -2.197699993848800659e-01
7.079000025987625122e-02 -5.978000164031982422e-02 -2.587999962270259857e-02
1.138100028038024902e-01 -6.054000183939933777e-02 -2.496000006794929504e-02
-2.481500059366226196e-01 3.821999952197074890e-02 5.040000192821025848e-03
3.912999853491783142e-02 -6.820999830961227417e-02 -1.317000016570091248e-02
1.560200005769729614e-01 -6.903000175952911377e-02 -1.140999980270862579e-02
-5.465999990701675415e-02 -5.626999959349632263e-02 1.853500008583068848e-01
2.574599981307983398e-01 -1.240000035613775253e-02 -3.065999969840049744e-02
2.985599935054779053e-01 -5.547000095248222351e-02 -2.758000046014785767e-02
-1.518599987030029297e-01 -3.240000084042549133e-02 3.201999887824058533e-02
-3.098199963569641113e-01 4.349999874830245972e-02 1.380000030621886253e-03
-3.110600113868713379e-01 8.126000314950942993e-02 -8.797000348567962646e-02
-2.975299954414367676e-01 8.178000152111053467e-02 -2.316999994218349457e-02
-2.980099916458129883e-01 8.152999728918075562e-02 -2.982000075280666351e-02
-2.060700058937072754e-01 -1.941999979317188263e-02 3.824999928474426270e-02
1.375999953597784042e-02 -5.516000092029571533e-02 3.395999968051910400e-02
-7.160000037401914597e-03 -9.519000351428985596e-02 4.146999865770339966e-02
2.729899883270263672e-01 -3.857000172138214111e-02 3.488000109791755676e-02
1.472699940204620361e-01 -2.913999930024147034e-02 -3.702000156044960022e-02
4.180000163614749908e-03 -7.771000266075134277e-02 -1.550000044517219067e-03
7.547999918460845947e-02 -7.694999873638153076e-02 7.919999770820140839e-03
2.276000007987022400e-02 -4.882999882102012634e-02 -1.266099959611892700e-01
-1.198299974203109741e-01 4.000000189989805222e-03 1.350000035017728806e-03
3.705000132322311401e-02 -4.924999922513961792e-02 1.259700059890747070e-01
-3.695999830961227417e-02 -6.717000156641006470e-02 -3.979999944567680359e-02
7.418999820947647095e-02 -1.762999966740608215e-02 3.435000032186508179e-02
-2.735300064086914062e-01 5.759999901056289673e-02 4.670000169426202774e-03
-3.384900093078613281e-01 8.370999991893768311e-02 1.180000021122395992e-03
-2.811000049114227295e-01 4.374999925494194031e-02 4.019999876618385315e-03
-6.218000128865242004e-02 -5.313999950885772705e-02 -2.032400071620941162e-01
-1.367200016975402832e-01 3.869999898597598076e-03 -3.449999960139393806e-03
-1.494800001382827759e-01 -2.961000055074691772e-02 3.880000114440917969e-02
-1.442700028419494629e-01 -1.317999977618455887e-02 6.621000170707702637e-02
-1.012099981307983398e-01 -2.015000022947788239e-02 5.694999918341636658e-02
2.099999983329325914e-04 -7.699999958276748657e-02 4.459000006318092346e-02
-7.474999874830245972e-02 -4.503000155091285706e-02 2.967100143432617188e-01
-8.737000077962875366e-02 -2.628000080585479736e-02 3.666000068187713623e-02
-1.596200019121170044e-01 -3.533000126481056213e-02 5.778000131249427795e-02
1.455000042915344238e-01 -8.030000142753124237e-03 -2.893999963998794556e-02
1.713099926710128784e-01 -2.362000010907649994e-02 -3.632000088691711426e-02
-2.919000014662742615e-02 -5.956000089645385742e-02 1.457200050354003906e-01
1.655999943614006042e-02 -6.761000305414199829e-02 -1.446000020951032639e-02
-5.934000015258789062e-02 -6.736999750137329102e-02 -1.496999990195035934e-02
1.296599954366683960e-01 -4.190000146627426147e-02 3.612000122666358948e-02
-5.981000140309333801e-02 -4.187000170350074768e-02 -2.826400101184844971e-01
-3.172599971294403076e-01 8.281999826431274414e-02 -3.322999924421310425e-02
-1.819700002670288086e-01 -1.755000092089176178e-02 -1.279000006616115570e-02
-3.222999870777130127e-01 6.083999946713447571e-02 2.259999979287385941e-03
-6.205999851226806641e-02 -9.000000136438757181e-05 -2.088000066578388214e-02
6.785999983549118042e-02 -1.539999968372285366e-03 -2.263999916613101959e-02
-2.699100077152252197e-01 8.382000029087066650e-02 -1.490000053308904171e-03
2.174299955368041992e-01 -4.019999876618385315e-02 3.633999824523925781e-02
3.375500142574310303e-01 -4.613000154495239258e-02 -1.597999967634677887e-02
5.333999916911125183e-02 -1.719999941997230053e-03 -2.287000045180320740e-02
8.376999944448471069e-02 4.199999966658651829e-04 -2.026000060141086578e-02
3.364000096917152405e-02 -5.191000178456306458e-02 -4.543999955058097839e-02
1.410900056362152100e-01 3.620000090450048447e-03 1.446999981999397278e-02
-2.216600030660629272e-01 -2.625999972224235535e-02 -2.197000011801719666e-02
-1.079199984669685364e-01 -3.324000164866447449e-02 3.629999980330467224e-02
2.336000055074691772e-01 -3.255999833345413208e-02 -3.731000050902366638e-02
-5.971999838948249817e-02 -6.479000300168991089e-02 2.972999960184097290e-02
2.690999954938888550e-02 -6.443999707698822021e-02 7.748000323772430420e-02
2.175199985504150391e-01 -6.802000105381011963e-02 -1.357000041753053665e-02
6.190000101923942566e-02 -6.879000365734100342e-02 -1.190999988466501236e-02
3.558000177145004272e-02 -6.010000035166740417e-02 1.176500022411346436e-01
-2.919000014662742615e-02 -7.457999885082244873e-02 -2.827999927103519440e-02
2.634400129318237305e-01 -2.737000025808811188e-02 -3.537999838590621948e-02
-1.324000023305416107e-02 -7.771000266075134277e-02 -1.593000069260597229e-02
-1.608999967575073242e-01 -1.049999962560832500e-03 -4.129999782890081406e-03
-2.668899893760681152e-01 2.780999988317489624e-02 -5.099999834783375263e-04
1.096199974417686462e-01 -4.075999930500984192e-02 -3.627000004053115845e-02
-2.616699934005737305e-01 -4.259999841451644897e-03 4.370000213384628296e-03
4.247999936342239380e-02 -5.093999952077865601e-02 -1.200599968433380127e-01
3.672000020742416382e-02 -1.020000036805868149e-02 3.053000010550022125e-02
2.001000009477138519e-02 -6.100000068545341492e-02 -1.224099993705749512e-01
-2.771000005304813385e-02 -7.490999996662139893e-02 2.811999991536140442e-02
-3.418999910354614258e-02 -6.232000142335891724e-02 6.239999830722808838e-02
-1.307999994605779648e-02 -6.179999932646751404e-02 -1.163199990987777710e-01
-3.300999850034713745e-02 -6.018000096082687378e-02 -9.179999679327011108e-02
-1.744100004434585571e-01 -3.206000104546546936e-02 2.868000045418739319e-02
-1.651000045239925385e-02 -5.324999988079071045e-02 2.076600044965744019e-01
5.706999823451042175e-02 -4.946000128984451294e-02 3.496000170707702637e-02
-2.849799990653991699e-01 9.246999770402908325e-02 4.579999949783086777e-03
2.030999958515167236e-02 -5.866000056266784668e-02 1.430200040340423584e-01
3.283300101757049561e-01 -6.261999905109405518e-02 -8.000000379979610443e-03
5.459000170230865479e-02 -8.190000429749488831e-03 -2.906000055372714996e-02
-2.937000058591365814e-02 -6.535000354051589966e-02 7.577999681234359741e-02
1.154000032693147659e-02 -6.802000105381011963e-02 1.358000002801418304e-02
-3.102900087833404541e-01 7.971999794244766235e-02 1.143099963665008545e-01
-8.550000376999378204e-03 -6.477999687194824219e-02 7.288999855518341064e-02
1.117499992251396179e-01 2.309999894350767136e-03 -1.727000065147876740e-02
-1.879599988460540771e-01 -3.297999873757362366e-02 5.395999923348426819e-02
-4.790000151842832565e-03 -5.592000111937522888e-02 2.896999940276145935e-02
-2.263000048696994781e-02 -1.700000092387199402e-02 3.409999981522560120e-02
2.280000001192092896e-01 -1.491000037640333176e-02 3.327000141143798828e-02
-3.239099979400634766e-01 8.141999691724777222e-02 7.235000282526016235e-02
-9.889999777078628540e-02 -2.445000037550926208e-02 -4.679999873042106628e-02
2.362000048160552979e-01 -3.092999942600727081e-02 3.725000098347663879e-02
3.272199928760528564e-01 -4.182999953627586365e-02 2.167000062763690948e-02
4.352999851107597351e-02 -4.845999926328659058e-02 -9.125000238418579102e-02
-1.830999925732612610e-02 -5.830999836325645447e-02 3.714999929070472717e-02
-8.566000312566757202e-02 -4.421000182628631592e-02 2.900800108909606934e-01
1.161000039428472519e-02 -6.650999933481216431e-02 5.194000154733657837e-02
2.897500097751617432e-01 -6.295999884605407715e-02 2.122000046074390411e-02
7.369999773800373077e-03 -5.503999814391136169e-02 1.773999929428100586e-01
-1.880999952554702759e-01 -2.469000034034252167e-02 5.652000010013580322e-02
8.871000260114669800e-02 -2.677999995648860931e-02 3.672000020742416382e-02
-1.244499981403350830e-01 -3.539999946951866150e-03 -5.279000103473663330e-02
2.305400073528289795e-01 -6.774999946355819702e-02 -1.415000017732381821e-02
1.621999964118003845e-02 -4.876999929547309875e-02 -1.408299952745437622e-01
-3.502000123262405396e-02 -4.411000013351440430e-02 -2.383600026369094849e-01
-3.600000054575502872e-04 -4.764999821782112122e-02 -1.679999977350234985e-01
4.557999968528747559e-02 -7.771000266075134277e-02 -1.592000015079975128e-02
-1.081100031733512878e-01 -3.220000118017196655e-02 6.140999868512153625e-02
6.233000010251998901e-02 -6.515999883413314819e-02 4.997000098228454590e-02
8.856999874114990234e-02 -5.091999843716621399e-02 -3.672000020742416382e-02
-1.372700035572052002e-01 -4.944999888539314270e-02 2.882000058889389038e-02
-1.603999920189380646e-02 -6.629999727010726929e-02 5.246999859809875488e-02
1.134200021624565125e-01 -6.701000034809112549e-02 1.597999967634677887e-02
3.036899864673614502e-01 -5.672999843955039978e-02 2.621999941766262054e-02
-2.006700038909912109e-01 -2.575000002980232239e-02 -4.425000026822090149e-02
1.849399954080581665e-01 -1.860000006854534149e-02 3.474000096321105957e-02
1.088500022888183594e-01 -1.243999972939491272e-02 3.217000141739845276e-02
-3.430999815464019775e-02 -5.403000116348266602e-02 2.060299962759017944e-01
-1.741000078618526459e-02 -5.705000087618827820e-02 1.743299961090087891e-01
-9.560000151395797729e-02 -4.024000093340873718e-02 -3.626000136137008667e-02
-9.565000236034393311e-02 -8.080000057816505432e-03 -4.851000010967254639e-02
-2.408100068569183350e-01 -1.004999969154596329e-02 -1.530999969691038132e-02
-2.043099999427795410e-01 -2.676000073552131653e-02 -4.531000182032585144e-02
3.334099948406219482e-01 -3.109000064432621002e-02 6.860000081360340118e-03
-5.322999879717826843e-02 -6.587000191211700439e-02 -3.149000182747840881e-02
-2.967000007629394531e-02 -6.753999739885330200e-02 -1.458999980241060257e-02
-2.929899990558624268e-01 8.393000066280364990e-02 2.975000068545341492e-02
-3.106499910354614258e-01 8.201000094413757324e-02 6.904000043869018555e-02
-2.714700102806091309e-01 8.511000126600265503e-02 1.782999932765960693e-02
7.821000367403030396e-02 -5.412999913096427917e-02 3.632999956607818604e-02
-3.313600122928619385e-01 8.135999739170074463e-02 -6.302999705076217651e-02
3.125799894332885742e-01 -6.554000079631805420e-02 -1.147000025957822800e-02
-1.589000038802623749e-02 -6.953000277280807495e-02 1.032999996095895767e-02
2.128800004720687866e-01 -6.667000055313110352e-02 1.648000068962574005e-02
-5.847999826073646545e-02 -4.918000102043151855e-02 2.572200000286102295e-01
-2.257300019264221191e-01 -1.025999989360570908e-02 1.799999922513961792e-02
-1.163500025868415833e-01 -3.370999917387962341e-02 6.021999940276145935e-02
4.417999833822250366e-02 -5.026999861001968384e-02 -4.986999928951263428e-02
2.895000018179416656e-02 -5.087999999523162842e-02 -7.384999841451644897e-02
-5.897999927401542664e-02 -4.537000134587287903e-02 -2.910099923610687256e-01
1.392800062894821167e-01 2.249999903142452240e-03 1.740000024437904358e-02
-1.799100041389465332e-01 -2.132000029087066650e-02 8.190000429749488831e-03
-1.073200032114982605e-01 -2.655999921262264252e-02 1.085000019520521164e-02
4.259999841451644897e-03 -7.660000026226043701e-02 -2.465000003576278687e-02
-1.880999952554702759e-01 -1.530999969691038132e-02 -5.248000100255012512e-02
-2.040500044822692871e-01 -1.138000003993511200e-02 -6.009000167250633240e-02
-3.387399911880493164e-01 8.807999640703201294e-02 2.540000015869736671e-03
-1.354299932718276978e-01 -1.744000054895877838e-02 -3.638000041246414185e-02
-2.889000065624713898e-02 -5.011999979615211487e-02 3.285999968647956848e-02
-4.352999851107597351e-02 -5.110999941825866699e-02 3.246000036597251892e-02
-1.732800006866455078e-01 -8.659999817609786987e-03 4.081999883055686951e-02
-2.525000087916851044e-02 -4.577000066637992859e-02 2.127799987792968750e-01
-2.099999971687793732e-02 -4.521999880671501160e-02 2.126200050115585327e-01
1.679999986663460732e-03 -5.268999934196472168e-02 1.050700023770332336e-01
-3.025900125503540039e-01 8.155000209808349609e-02 3.514000028371810913e-02
-3.132899999618530273e-01 8.031000196933746338e-02 7.250999659299850464e-02
-3.019799888134002686e-01 8.222000300884246826e-02 1.790999993681907654e-02
9.294000267982482910e-02 -6.913000345230102539e-02 -2.957000024616718292e-02
-8.670999854803085327e-02 -1.513000018894672394e-02 -3.336000069975852966e-02
-1.671199947595596313e-01 -5.449999868869781494e-02 1.576000079512596130e-02
-1.844699978828430176e-01 -2.098999917507171631e-02 -9.829999879002571106e-03
-1.444000005722045898e-02 -8.691000193357467651e-02 -4.207000136375427246e-02
-1.834399998188018799e-01 -1.389999990351498127e-03 1.480000000447034836e-02
6.250999867916107178e-02 -6.414999812841415405e-02 -5.895999819040298462e-02
7.383000105619430542e-02 -5.240000039339065552e-02 -3.671000152826309204e-02
-2.946099936962127686e-01 3.770000115036964417e-02 3.019999945536255836e-03
2.103299945592880249e-01 -6.990000139921903610e-03 2.818999998271465302e-02
-6.831999868154525757e-02 -5.479000136256217957e-02 -2.009699940681457520e-01
-7.677999883890151978e-02 -5.110999941825866699e-02 -2.425500005483627319e-01
5.796999856829643250e-02 -7.017999887466430664e-02 -7.629999890923500061e-03
-4.035999998450279236e-02 -7.627999782562255859e-02 -4.410000052303075790e-03
-3.630999848246574402e-02 -7.413999736309051514e-02 2.737000025808811188e-02
3.401999920606613159e-02 5.450000055134296417e-03 -1.054999977350234985e-02
-3.202100098133087158e-01 8.736000210046768188e-02 -1.999999949475750327e-05
5.150999873876571655e-02 6.339999847114086151e-03 -6.860000081360340118e-03
-2.576000057160854340e-02 -6.668999791145324707e-02 7.428000122308731079e-02
-1.042999997735023499e-01 -3.522000089287757874e-02 3.629999980330467224e-02
7.131999731063842773e-02 -4.916999861598014832e-02 -6.015999987721443176e-02
-4.676000028848648071e-02 -3.082999959588050842e-02 3.722999989986419678e-02
-8.968999981880187988e-02 -5.116000026464462280e-02 3.243999928236007690e-02
-1.049999962560832500e-03 -5.902000144124031067e-02 1.505600064992904663e-01
-1.880999952554702759e-01 -2.383000031113624573e-02 -4.763000085949897766e-02
6.164000183343887329e-02 -4.879999905824661255e-02 -3.604000061750411987e-02
-2.099999983329325914e-04 -5.124999955296516418e-02 -1.991900056600570679e-01
-3.150199949741363525e-01 8.273000270128250122e-02 -3.804999962449073792e-02
-1.934799998998641968e-01 -1.809000037610530853e-02 3.582999855279922485e-02
-3.903999924659729004e-02 -6.233000010251998901e-02 8.092000335454940796e-02
3.285399973392486572e-01 -2.738000079989433289e-02 -4.949999973177909851e-03
-4.382999986410140991e-02 -6.351999938488006592e-02 8.946999907493591309e-02
-1.946499943733215332e-01 2.641000039875507355e-02 -9.999999747378751636e-06
-1.022899970412254333e-01 6.029999814927577972e-03 -7.180000189691781998e-03
-1.730200052261352539e-01 -1.372000016272068024e-02 -2.635000087320804596e-02
-3.248499929904937744e-01 7.976000010967254639e-02 9.471999853849411011e-02
-1.128899976611137390e-01 -7.780000101774930954e-03 4.117999970912933350e-02
3.019999945536255836e-03 -6.464999914169311523e-02 7.456000149250030518e-02
-1.582300066947937012e-01 -3.641999885439872742e-02 -4.977000132203102112e-02
2.623400092124938965e-01 -7.420000154525041580e-03 -2.663999982178211212e-02
-3.562000021338462830e-02 -7.681000232696533203e-02 4.459999967366456985e-03
-1.455499976873397827e-01 -3.749999916180968285e-03 -4.961000010371208191e-02
1.928199976682662964e-01 1.060000038705766201e-03 1.948999986052513123e-02
-3.670000005513429642e-03 -6.092999875545501709e-02 -1.252799928188323975e-01
-2.194000035524368286e-02 -6.500999629497528076e-02 -6.987000256776809692e-02
-2.049500048160552979e-01 -1.950999908149242401e-02 -9.789999574422836304e-03
-1.839700043201446533e-01 -2.102000080049037933e-02 -1.985999941825866699e-02
3.706999868154525757e-02 -6.773000210523605347e-02 3.438000008463859558e-02
-2.866500020027160645e-01 9.702999889850616455e-02 2.659999998286366463e-03
-8.320000022649765015e-02 -4.749999940395355225e-02 -2.763800024986267090e-01
-1.473599970340728760e-01 -3.565999865531921387e-02 -5.821999907493591309e-02
9.764000028371810913e-02 -6.978999823331832886e-02 -2.637000009417533875e-02
-2.655000053346157074e-02 -5.375000089406967163e-02 -3.714999929070472717e-02
2.438499927520751953e-01 -4.653999954462051392e-02 -3.415999934077262878e-02
-1.979600042104721069e-01 -1.269999984651803970e-02 -4.140999913215637207e-02
3.078399896621704102e-01 -6.216000020503997803e-02 -1.950000040233135223e-02
1.789999939501285553e-02 -6.385000050067901611e-02 3.633999824523925781e-02
-9.469999931752681732e-03 -8.298999816179275513e-02 4.461999982595443726e-02
-8.337999880313873291e-02 -4.966999962925910950e-02 -2.539300024509429932e-01
-2.770200073719024658e-01 8.201999962329864502e-02 1.028000004589557648e-02
-2.936500012874603271e-01 8.183000236749649048e-02 2.357999980449676514e-02
2.144799977540969849e-01 -3.049999941140413284e-03 2.446999959647655487e-02
-2.546100020408630371e-01 -3.669999912381172180e-02 -8.659999817609786987e-03
6.219999864697456360e-03 -7.771000266075134277e-02 -1.360000018030405045e-02
-9.793999791145324707e-02 6.029999814927577972e-03 -7.919999770820140839e-03
1.468099951744079590e-01 5.580000113695859909e-03 1.027000043541193008e-02
9.239999949932098389e-02 -1.906999945640563965e-02 -3.491999953985214233e-02
-5.779999773949384689e-03 -7.524999976158142090e-02 -2.758000046014785767e-02
-9.147000312805175781e-02 -4.080000147223472595e-02 -3.626000136137008667e-02
2.656899988651275635e-01 2.319999970495700836e-03 7.499999832361936569e-03
9.491000324487686157e-02 -6.480000168085098267e-02 1.977000012993812561e-02
-5.431000143289566040e-02 -4.185999929904937744e-02 -2.781099975109100342e-01
-1.041600033640861511e-01 -6.414999812841415405e-02 -1.917999982833862305e-02
-1.273300051689147949e-01 1.599999959580600262e-04 -1.871000044047832489e-02
5.815999954938888550e-02 -6.429000198841094971e-02 6.128000095486640930e-02
-1.618800014257431030e-01 -1.661000028252601624e-02 1.953000016510486603e-02
-1.012099981307983398e-01 -1.035000011324882507e-02 -4.896999895572662354e-02
3.600000054575502872e-04 -5.268000066280364990e-02 -1.081999987363815308e-01
-4.660000093281269073e-03 -5.248999968171119690e-02 -1.234899982810020447e-01
-1.618500053882598877e-01 -3.650000086054205894e-03 5.025000125169754028e-02
2.567000091075897217e-01 -2.556999959051609039e-02 -3.578000143170356750e-02
-1.904200017452239990e-01 -1.429000031203031540e-02 6.088000163435935974e-02
-5.660000070929527283e-02 -6.202000007033348083e-02 2.315999940037727356e-02
-3.145999833941459656e-02 -6.063000112771987915e-02 2.483999915421009064e-02
7.557000219821929932e-02 1.800000027287751436e-04 2.056000009179115295e-02
-9.553000330924987793e-02 -9.370000101625919342e-03 6.323999911546707153e-02
-2.494300007820129395e-01 -2.420000033453106880e-03 -2.510000020265579224e-03
-6.710000336170196533e-02 -5.395999923348426819e-02 -2.109899967908859253e-01
1.957000046968460083e-02 -5.084000155329704285e-02 9.570000320672988892e-02
4.538000002503395081e-02 -4.912000149488449097e-02 6.690999865531921387e-02
-2.159999916329979897e-03 -6.814000010490417480e-02 -3.448000177741050720e-02
-1.080100014805793762e-01 3.250000067055225372e-03 -1.424000039696693420e-02
-1.042800024151802063e-01 -4.245999827980995178e-02 3.215599954128265381e-01
-1.964000016450881958e-01 -1.985000073909759521e-02 5.397000163793563843e-02
9.530000388622283936e-03 -6.055999919772148132e-02 -1.296000033617019653e-01
-2.343999966979026794e-02 -5.051000043749809265e-02 3.269999846816062927e-02
5.262999981641769409e-02 -7.410000264644622803e-02 2.930000051856040955e-02
-8.557999879121780396e-02 -3.095999918878078461e-02 -4.755999892950057983e-02
-5.017000064253807068e-02 -5.443000048398971558e-02 2.031700015068054199e-01
-1.477999985218048096e-01 -1.506999973207712173e-02 6.695000082254409790e-02
-1.572200059890747070e-01 -2.295999974012374878e-02 -1.789000071585178375e-02
-1.558700054883956909e-01 -2.305000089108943939e-02 -9.960000403225421906e-03
3.169299960136413574e-01 -6.701000034809112549e-02 2.169999992474913597e-03
-1.040299981832504272e-01 -4.089999943971633911e-02 -3.345299959182739258e-01
-4.687999933958053589e-02 -6.266999989748001099e-02 1.009100005030632019e-01
-9.796000272035598755e-02 -2.098000049591064453e-02 -4.577000066637992859e-02
6.800000369548797607e-02 6.779999937862157822e-03 4.499999806284904480e-03
2.842899858951568604e-01 -4.311000183224678040e-02 3.328999876976013184e-02
-4.814000055193901062e-02 -5.821999907493591309e-02 -3.528999909758567810e-02
-1.049600020051002502e-01 -2.565000019967556000e-02 2.273000031709671021e-02
2.631300091743469238e-01 -4.501999914646148682e-02 3.418000042438507080e-02
-1.068399995565414429e-01 -4.027000069618225098e-02 3.384900093078613281e-01
-2.274999953806400299e-02 -5.728999897837638855e-02 3.714999929070472717e-02
-7.840000092983245850e-03 6.610000040382146835e-03 -5.400000140070915222e-03
-1.652899980545043945e-01 1.527999993413686752e-02 1.309999963268637657e-03
-2.783699929714202881e-01 -2.411000058054924011e-02 -1.015000045299530029e-02
-1.388000044971704483e-02 -2.435999922454357147e-02 3.641000017523765564e-02
-2.242000028491020203e-02 -4.668999835848808289e-02 -2.015900015830993652e-01
-1.858000084757804871e-02 -4.981999844312667847e-02 -1.702200025320053101e-01
-7.101999968290328979e-02 -4.044999927282333374e-02 -3.630999848246574402e-02
1.885000057518482208e-02 -5.283999815583229065e-02 -6.283000111579895020e-02
-9.488999843597412109e-02 -4.475999996066093445e-02 -3.010300099849700928e-01
2.400200068950653076e-01 -4.346999898552894592e-02 -3.548999875783920288e-02
-3.699999942909926176e-04 -5.680000036954879761e-02 -4.314000159502029419e-02
2.838099896907806396e-01 -2.195000089704990387e-02 -3.062999993562698364e-02
2.763400077819824219e-01 -8.200000040233135223e-03 -2.298999950289726257e-02
4.741000011563301086e-02 -5.710000172257423401e-02 2.810999937355518341e-02
-6.440000142902135849e-03 -4.707999899983406067e-02 -2.120299935340881348e-01
-1.952600032091140747e-01 -2.090000081807374954e-03 -3.220000071451067924e-03
-1.092899963259696960e-01 -1.417000032961368561e-02 1.161000039428472519e-02
-1.531500071287155151e-01 -1.620999909937381744e-02 1.652999967336654663e-02
-1.896400004625320435e-01 -3.161999955773353577e-02 5.773999914526939392e-02
-1.512099951505661011e-01 -5.869999900460243225e-02 -1.549000013619661331e-02
-2.691699862480163574e-01 2.928999997675418854e-02 4.089999943971633911e-03
-9.274999797344207764e-02 -6.875000149011611938e-02 -1.200999971479177475e-02
-1.181000005453824997e-02 -5.339999869465827942e-02 -1.243999972939491272e-01
-8.440000005066394806e-03 -5.297999829053878784e-02 -1.238899976015090942e-01
-3.153499960899353027e-01 8.156000077724456787e-02 4.249000176787376404e-02
-8.016999810934066772e-02 -5.143000185489654541e-02 2.388300001621246338e-01
-1.163600012660026550e-01 -3.500000108033418655e-03 -5.251000076532363892e-02
1.890099942684173584e-01 -4.290999844670295715e-02 3.571999818086624146e-02
-1.783400028944015503e-01 -1.369000039994716644e-02 2.569999918341636658e-02
-1.417999994009733200e-02 -5.322999879717826843e-02 1.330800056457519531e-01
-1.955900043249130249e-01 -2.782999910414218903e-02 -5.744000151753425598e-02
2.937099933624267578e-01 -8.820000104606151581e-03 -9.069999679923057556e-03
2.943000011146068573e-02 6.359999999403953552e-03 -6.740000098943710327e-03
2.253500074148178101e-01 5.890000145882368088e-03 -9.279999881982803345e-03
-1.960300058126449585e-01 -2.146000042557716370e-02 -5.274999886751174927e-02
1.261000037193298340e-01 -3.313000127673149109e-02 -3.723999857902526855e-02
4.024999961256980896e-02 -3.708999976515769958e-02 -3.672999888658523560e-02
-2.236499935388565063e-01 1.882000081241130829e-02 5.479999817907810211e-03
-6.285999715328216553e-02 -3.981000185012817383e-02 -3.165799975395202637e-01
2.439999952912330627e-02 -6.064999848604202271e-02 -1.219799965620040894e-01
-2.062799930572509766e-01 -4.805999994277954102e-02 8.849999867379665375e-03
-1.441500037908554077e-01 -3.712999820709228516e-02 -5.302999913692474365e-02
-1.805099993944168091e-01 -3.153999894857406616e-02 6.071000173687934875e-02
1.288000028580427170e-02 -5.939999967813491821e-02 1.424999982118606567e-01
-1.761900037527084351e-01 -1.727999933063983917e-02 -3.678999841213226318e-02
3.537999838590621948e-02 -2.859999891370534897e-03 2.425000071525573730e-02
2.603400051593780518e-01 -7.000999897718429565e-02 -8.519999682903289795e-03
-1.028700023889541626e-01 -3.514000028371810913e-02 5.225000157952308655e-02
1.480599939823150635e-01 -2.352000027894973755e-02 3.630999848246574402e-02
2.447099983692169189e-01 5.590000189840793610e-03 8.469999767839908600e-03
-9.969999641180038452e-02 -1.465000025928020477e-02 3.288000077009201050e-02
2.180999964475631714e-01 -6.366000324487686157e-02 2.116999961435794830e-02
-3.092999942600727081e-02 -4.554000124335289001e-02 2.587099969387054443e-01
-3.314700126647949219e-01 7.993000000715255737e-02 9.617000073194503784e-02
-1.000000014901161194e-01 -6.910999864339828491e-02 1.001000031828880310e-02
-1.897599995136260986e-01 -2.885000035166740417e-02 -4.820000007748603821e-02
-6.505999714136123657e-02 -3.432000055909156799e-02 -3.708999976515769958e-02
5.710000172257423401e-03 -6.043000146746635437e-02 -1.315300017595291138e-01
-2.761000022292137146e-02 -6.497000157833099365e-02 -7.085999846458435059e-02
4.252000153064727783e-02 -6.622000038623809814e-02 -5.084000155329704285e-02
1.011099964380264282e-01 2.199999988079071045e-03 1.751999929547309875e-02
2.766900062561035156e-01 -4.893000051379203796e-02 -3.200000151991844177e-02
-1.001299992203712463e-01 -3.960999846458435059e-02 -3.354899883270263672e-01
1.209000032395124435e-02 -5.581000074744224548e-02 -2.905000001192092896e-02
4.605000093579292297e-02 -1.947000063955783844e-02 -3.508000075817108154e-02
-2.305800020694732666e-01 -4.860000219196081161e-03 -1.539999968372285366e-03
7.430999726057052612e-02 -6.244000047445297241e-02 -5.556000024080276489e-02
-9.160000085830688477e-02 -9.290000423789024353e-03 -4.554999992251396179e-02
7.050000131130218506e-02 -7.123000174760818481e-02 3.207999840378761292e-02
-4.569000005722045898e-02 -5.725000053644180298e-02 -1.742500066757202148e-01
-5.748999863862991333e-02 -5.373999848961830139e-02 -2.111900001764297485e-01
-1.043699979782104492e-01 -6.269999779760837555e-03 6.049999967217445374e-02
-1.258700042963027954e-01 -5.129000172019004822e-02 2.900999970734119415e-02
-1.041999980807304382e-01 -1.568000018596649170e-02 7.939999923110008240e-03
-8.169999718666076660e-02 -5.254999920725822449e-02 -3.142999857664108276e-02
-3.689000010490417480e-02 -4.848000034689903259e-02 -2.015700042247772217e-01
-3.261100053787231445e-01 7.963000237941741943e-02 1.241900026798248291e-01
9.736000001430511475e-02 1.930000027641654015e-03 -1.810000091791152954e-02
1.546999998390674591e-02 -5.386999994516372681e-02 5.287000164389610291e-02
3.105000033974647522e-02 -4.904000088572502136e-02 1.007200032472610474e-01
-1.243600025773048401e-01 -2.223999984562397003e-02 3.629000112414360046e-02
7.694000005722045898e-02 -4.890000075101852417e-02 -4.662000015377998352e-02
-1.426900029182434082e-01 -1.572000049054622650e-02 -2.714999951422214508e-02
-2.096399962902069092e-01 -1.441000029444694519e-02 4.334000125527381897e-02
-1.645099967718124390e-01 -2.944999933242797852e-02 3.051000088453292847e-02
-2.059900015592575073e-01 -9.359999559819698334e-03 -5.195000022649765015e-02
-1.384000033140182495e-01 -1.607000082731246948e-02 6.729000061750411987e-02
-2.075600028038024902e-01 -4.580999910831451416e-02 1.284999959170818329e-02
-4.098999872803688049e-02 -5.556000024080276489e-02 1.629700064659118652e-01
-1.939300000667572021e-01 -1.594999991357326508e-02 -3.911000117659568787e-02
-2.580200135707855225e-01 7.763999700546264648e-02 4.860000219196081161e-03
-3.610000014305114746e-03 -7.045999914407730103e-02 -6.130000110715627670e-03
-8.359000086784362793e-02 -4.280000180006027222e-02 2.970100045204162598e-01
-2.156500071287155151e-01 9.599999757483601570e-04 4.250000230967998505e-03
-2.150200009346008301e-01 -1.274999976158142090e-02 -2.094000019133090973e-02
-1.659699976444244385e-01 -2.455000020563602448e-02 -6.700000166893005371e-02
-3.142999857664108276e-02 -4.129999876022338867e-02 -3.657000139355659485e-02
-3.334999829530715942e-02 -5.350999906659126282e-02 -2.112099975347518921e-01
-3.621999919414520264e-02 -5.445000156760215759e-02 -2.019000053405761719e-01
-2.221699953079223633e-01 3.830999881029129028e-02 5.059999879449605942e-03
-5.891000106930732727e-02 -4.008999839425086975e-02 -3.030099868774414062e-01
-3.295499980449676514e-01 8.168999850749969482e-02 5.826999992132186890e-02
3.343800008296966553e-01 -3.033000044524669647e-02 8.399999933317303658e-04
-3.530000103637576103e-03 -6.340000033378601074e-02 -2.147999964654445648e-02
4.300000146031379700e-02 -6.357000023126602173e-02 -2.126999944448471069e-02
-1.377300024032592773e-01 -1.573999971151351929e-02 -6.717000156641006470e-02
-1.517000049352645874e-01 -3.985000029206275940e-02 -3.047999925911426544e-02
-3.255999833345413208e-02 -5.891000106930732727e-02 -2.677999995648860931e-02
2.430000007152557373e-01 -3.508999943733215332e-02 -3.686000034213066101e-02
-1.154500022530555725e-01 -1.444999966770410538e-02 -2.105999924242496490e-02
-1.180000007152557373e-01 -1.456999965012073517e-02 -3.569999942556023598e-03
1.689600050449371338e-01 -2.284999936819076538e-02 3.621999919414520264e-02
-3.112500011920928955e-01 8.060000091791152954e-02 1.093299984931945801e-01
-3.035700023174285889e-01 8.011999726295471191e-02 -9.752999991178512573e-02
2.138299942016601562e-01 -5.778000131249427795e-02 -2.761000022292137146e-02
7.863999903202056885e-02 -5.169999971985816956e-02 3.204999864101409912e-02
1.185699999332427979e-01 -5.587999895215034485e-02 2.899999916553497314e-02
-3.249500095844268799e-01 8.268000185489654541e-02 -1.988999918103218079e-02
-1.053100004792213440e-01 -8.129999972879886627e-03 4.092999920248985291e-02
3.418000042438507080e-02 -3.621000051498413086e-02 -3.685000166296958923e-02
5.854000151157379150e-02 -6.535000354051589966e-02 -1.909999921917915344e-02
2.995699942111968994e-01 -6.824000179767608643e-02 -1.085999980568885803e-02
-2.132000029087066650e-01 -1.879999972879886627e-02 6.171000003814697266e-02
2.507399916648864746e-01 -1.245999988168478012e-02 3.125999867916107178e-02
-3.407999873161315918e-02 -4.988000169396400452e-02 -3.294999897480010986e-02
4.154000058770179749e-02 -2.490000054240226746e-02 3.647999837994575500e-02
-3.827000036835670471e-02 -5.626000091433525085e-02 3.623000159859657288e-02
2.461699992418289185e-01 -6.782999634742736816e-02 1.393999997526407242e-02
-1.415700018405914307e-01 -2.408999949693679810e-02 -1.028000004589557648e-02
-1.357199996709823608e-01 -2.450999990105628967e-02 -6.850000005215406418e-03
-2.439999952912330627e-03 -7.763999700546264648e-02 1.950000040233135223e-02
-1.346000004559755325e-02 -2.685000002384185791e-02 -3.672999888658523560e-02
-1.365599930286407471e-01 -1.544000022113323212e-02 3.491000086069107056e-02
5.125999823212623596e-02 7.550000213086605072e-03 3.300000098533928394e-04
6.390000227838754654e-03 7.509999908506870270e-03 5.399999790824949741e-04
-1.070899963378906250e-01 -5.650000181049108505e-03 -4.490000195801258087e-03
6.650000065565109253e-02 -3.333000093698501587e-02 -3.720999881625175476e-02
-1.182499974966049194e-01 -3.542000055313110352e-02 -5.683999881148338318e-02
-1.392000019550323486e-01 -6.607999652624130249e-02 1.550000044517219067e-03
-3.085999935865402222e-02 -4.850000143051147461e-02 1.957000046968460083e-01
-9.243000298738479614e-02 -2.095000073313713074e-02 5.341000109910964966e-02
-3.779999911785125732e-02 -6.002999842166900635e-02 -2.558000013232231140e-02
-2.102400064468383789e-01 -1.912000030279159546e-02 9.379999712109565735e-03
2.400000020861625671e-02 -7.771000266075134277e-02 2.730000065639615059e-03
-1.114000007510185242e-02 -5.423999950289726257e-02 1.086700037121772766e-01
-2.102999947965145111e-02 -5.939999967813491821e-02 6.374999880790710449e-02
2.069599926471710205e-01 -1.583999954164028168e-02 3.364000096917152405e-02
-3.330399990081787109e-01 7.980000227689743042e-02 -9.725999832153320312e-02
6.731999665498733521e-02 -4.800000041723251343e-02 -5.517999827861785889e-02
3.147000074386596680e-02 -4.845999926328659058e-02 1.195999979972839355e-01
-1.088699996471405029e-01 -3.410999849438667297e-02 -5.832000076770782471e-02
-4.224000126123428345e-02 -6.565000116825103760e-02 4.170000180602073669e-02
5.048000067472457886e-02 -7.004000246524810791e-02 8.399999700486660004e-03
-1.600899994373321533e-01 5.609999876469373703e-03 7.360000163316726685e-03
-5.302000045776367188e-02 -5.369000136852264404e-02 -2.110500037670135498e-01
1.301400065422058105e-01 -7.158999890089035034e-02 -2.999999924213625491e-05
5.270000081509351730e-03 -6.713999807834625244e-02 4.504999890923500061e-02
-7.180000189691781998e-03 -7.771000266075134277e-02 1.610000059008598328e-02
-9.210000187158584595e-02 -4.279999993741512299e-03 -1.939999987371265888e-03
-2.531999945640563965e-01 1.484000030905008316e-02 4.449999891221523285e-03
1.135900020599365234e-01 -7.061000168323516846e-02 -5.309999920427799225e-03
-2.258500009775161743e-01 4.312999919056892395e-02 -1.339999958872795105e-03
3.392699956893920898e-01 -5.711999908089637756e-02 -7.249999791383743286e-03
-5.409999936819076538e-02 4.120000172406435013e-03 -1.339999958872795105e-02
-3.300800025463104248e-01 8.115000277757644653e-02 -7.112000137567520142e-02
-2.450000029057264328e-03 -6.469000130891799927e-02 -3.607000038027763367e-02
-2.128099948167800903e-01 -2.879999950528144836e-02 4.930999875068664551e-02
8.777999877929687500e-02 -7.557000219821929932e-02 5.489999894052743912e-03
-3.244299888610839844e-01 7.943999767303466797e-02 -9.871999919414520264e-02
2.795000076293945312e-01 -7.797999680042266846e-02 1.004999969154596329e-02
6.928999722003936768e-02 -4.808999970555305481e-02 3.709999844431877136e-02
2.436700016260147095e-01 -1.240999996662139893e-02 -3.180000185966491699e-02
-5.149000138044357300e-02 -5.869999993592500687e-03 -2.737000025808811188e-02
-3.083400130271911621e-01 8.157999813556671143e-02 8.472999930381774902e-02
-1.157199963927268982e-01 -1.446999981999397278e-02 -1.484999991953372955e-02
-1.655199974775314331e-01 -1.678000018000602722e-02 -9.130000136792659760e-03
3.742999956011772156e-02 -6.453000009059906006e-02 -7.355999946594238281e-02
-3.115000128746032715e-01 8.308000117540359497e-02 1.900000032037496567e-03
1.610000059008598328e-02 -5.995000153779983521e-02 1.351400017738342285e-01
-2.352699935436248779e-01 4.449999891221523285e-03 -1.520000048913061619e-03
2.026000022888183594e-01 -1.733000017702579498e-02 -3.423000127077102661e-02
-6.081999838352203369e-02 -7.169999927282333374e-02 -1.468000002205371857e-02
-1.958899945020675659e-01 -3.934000059962272644e-02 -2.228000015020370483e-02
-7.168000191450119019e-02 -4.258999973535537720e-02 -2.854099869728088379e-01
-1.047300025820732117e-01 -5.310000106692314148e-02 -2.995000034570693970e-02
-1.177700012922286987e-01 -3.584999963641166687e-02 4.871999844908714294e-02
4.633000120520591736e-02 -5.513000115752220154e-02 3.714999929070472717e-02
-1.465699970722198486e-01 -1.094000041484832764e-02 -3.881999850273132324e-02
-3.031999990344047546e-02 -5.823000147938728333e-02 1.119399964809417725e-01
-3.136599957942962646e-01 8.256000280380249023e-02 4.856000095605850220e-02
-3.144299983978271484e-01 8.161000162363052368e-02 7.705000042915344238e-02
-2.976300120353698730e-01 8.438000082969665527e-02 1.042000018060207367e-02
-3.256199955940246582e-01 8.188000321388244629e-02 5.672999843955039978e-02
-7.394000142812728882e-02 -3.998000174760818481e-02 3.136799931526184082e-01
1.111100018024444580e-01 -3.556000068783760071e-02 3.692999854683876038e-02
4.823999851942062378e-02 -4.836000129580497742e-02 -8.421000093221664429e-02
-1.891000010073184967e-02 -8.122000098228454590e-02 -3.934000059962272644e-02
1.179099977016448975e-01 -2.080000005662441254e-03 2.329999953508377075e-02
3.217999935150146484e-01 -2.401000075042247772e-02 1.730000018142163754e-03
-9.923999756574630737e-02 -4.137999936938285828e-02 3.312500119209289551e-01
-3.878000006079673767e-02 -4.625999927520751953e-02 -2.238599956035614014e-01
-5.869999900460243225e-02 -1.396000012755393982e-02 3.288999944925308228e-02
-1.845600008964538574e-01 -3.206999972462654114e-02 -5.882000178098678589e-02
3.852000087499618530e-02 -6.402999907732009888e-02 7.938999682664871216e-02
-1.641400009393692017e-01 -4.650000017136335373e-03 -4.639999940991401672e-02
-1.868399977684020996e-01 -1.186999958008527756e-02 -6.407000124454498291e-02
-2.772899866104125977e-01 -2.820000052452087402e-02 -8.820000104606151581e-03
-1.463699936866760254e-01 -1.685000024735927582e-02 -3.057999908924102783e-02
-3.700000047683715820e-02 -5.954999849200248718e-02 2.615999989211559296e-02
-2.276200056076049805e-01 2.401999942958354950e-02 -1.760000013746321201e-03
1.317999977618455887e-02 -7.771000266075134277e-02 2.069999929517507553e-03
-1.041800007224082947e-01 -5.463999882340431213e-02 2.889000065624713898e-02
-4.650000110268592834e-02 -2.651000022888183594e-02 3.669000044465065002e-02
1.222900003194808960e-01 -7.137999683618545532e-02 1.180000021122395992e-03
-1.196599975228309631e-01 -1.329999975860118866e-02 6.633999943733215332e-02
-3.502000123262405396e-02 -5.852000042796134949e-02 1.259700059890747070e-01
-1.521500051021575928e-01 -2.809999976307153702e-03 8.019999600946903229e-03
8.996000140905380249e-02 6.589999888092279434e-03 5.499999970197677612e-03
1.878999918699264526e-02 -5.500999838113784790e-02 1.614100039005279541e-01
-2.093999981880187988e-01 -1.882999949157238007e-02 4.112000018358230591e-02
1.538700014352798462e-01 4.000000189989805222e-03 -1.365000009536743164e-02
-3.044000081717967987e-02 -4.944999888539314270e-02 2.450499981641769409e-01
-3.571999818086624146e-02 -5.130999907851219177e-02 2.337000072002410889e-01
-4.809999838471412659e-02 -5.181000009179115295e-02 2.294099926948547363e-01
-6.555999815464019775e-02 -4.520000144839286804e-02 -2.580499947071075439e-01
-5.947000160813331604e-02 -5.283999815583229065e-02 -3.122000023722648621e-02
2.853800058364868164e-01 -8.128999918699264526e-02 7.869999855756759644e-03
3.260000050067901611e-02 -6.618999689817428589e-02 5.392999947071075439e-02
4.850000143051147461e-02 -7.140000164508819580e-02 1.049999962560832500e-03
1.978000067174434662e-02 -7.148999720811843872e-02 5.900000105611979961e-04
-3.353000059723854065e-02 -6.499999761581420898e-02 7.064999639987945557e-02
1.653400063514709473e-01 -6.848999857902526855e-02 1.257000025361776352e-02
1.966000050306320190e-01 -4.129999782890081406e-03 2.580000087618827820e-02
2.567900121212005615e-01 4.100000020116567612e-03 1.013999991118907928e-02
-1.631900072097778320e-01 -3.860000055283308029e-03 -5.499000102281570435e-02
-3.284899890422821045e-01 7.879000157117843628e-02 -1.181700006127357483e-01
-1.188000012189149857e-02 -6.637000292539596558e-02 -5.201999843120574951e-02
